28 2462607
83 2451075
89 2455232
121 2462909
133 2337831
193 2371031
229 2454049
279 2277487
286 2373046
328 2385163
346 2280208
351 2465367
388 2443617
590 2391283
668 2369405
729 2467601
761 2352489
778 2368062
781 2462353
784 2466239
801 2438331
868 2442181
936 2432881
939 2416791
942 2463981
1017 2386665
1020 2466559
1024 2269437
1028 2373762
1040 2436885
1081 2463673
1111 2453133
1114 2450167
1141 2276708
1159 2382665
1222 2426527
1239 2439913
1283 2364621
1299 2460965
1320 2451501
1361 2458425
1402 2357309
1405 2464089
1464 2368464
1653 2445221
1700 2270274
1704 2464665
1709 2437881
1754 2329768
1829 2331165
1850 2426201
1851 2405269
1865 2373453
1940 2444797
1952 2461969
2038 2464288
2077 2360565
2207 2324489
2208 2449045
2262 2467417
2328 2364432
2407 2464383
2425 2239314
2468 2268343
2478 2466327
2511 2388413
2655 2460445
2772 2399335
2805 2369290
2819 2399433
2861 2461865
2903 2355504
3047 2370993
3109 2462819
3160 2440691
3171 2386509
3235 2467127
3291 2463311
3541 2465601
3558 2367975
3661 2449717
3731 2355931
3766 2450659
3837 2366613
3927 2373963
4465 2463943
4468 2456219
4509 2405113
5101 2376001
5137 2368730
5212 2365371
5283 2371763
5310 2355720
5397 2347216
5520 2364034
5621 2461771
6014 2327533
6080 2450285
6086 2416041
6096 2413727
6104 2386601
6173 2370612
6580 2416451
6600 2436149
6970 2362742
6995 2446815
7076 2449855
7111 2309204
7148 2417087
7468 2461769
7538 2454817
7619 2461105
7845 2344742
8118 2453447
8317 2388169
8442 2348199
9020 2356671
9096 2450449
9147 2269351
9173 2463231
9331 2456791
9349 2289726
9381 2465599
9395 2458547
9405 2426603
9406 2360732
9408 2460851
9420 2359515
9760 2456159
9832 2407789
10051 2450171
10166 2447119
10260 2453657
10543 2382559
10742 2399415
10843 2298088
10853 2456607
10965 2338802
11052 2373560
11100 2459869
11190 2251416
11218 2446329
11368 2465427
11972 2456533
13007 2431151
13156 2449917
13197 2304148
13360 2345032
13782 2433861
13794 2461130
13813 2002120
13868 2463827
13874 2362416
13895 2466891
13900 2464043
13959 2455521
14023 1152486
14029 2459295
14061 1441657
14125 2388563
14146 2085754
14161 2376151
14175 2433781
14190 2020456
14217 2458315
14382 2465831
14397 1587499
14409 2431841
14497 2456433
14538 2436497
14548 2466495
14608 2415147
14701 2456321
14742 2455307
14763 2464855
14883 2420547
15057 2460419
15142 2431917
15169 2442929
15219 2462209
15237 2440855
15404 2403765
15456 2005286
15466 2318818
15532 2467675
15743 2436309
15850 2094631
15908 2449365
16049 2437681
16117 2437877
16119 2433569
16125 2042265
16160 2391389
16786 2380339
16799 2406317
16800 2298966
16832 1572809
16836 2036270
16843 2429245
16868 2440699
16910 2305852
17002 2453685
17018 2390947
17036 2467361
17114 2464973
17124 2466049
17183 2375071
17233 2463237
17324 2091241
17339 2461511
17446 2455405
17488 2450571
17721 1547636
17733 2375119
18149 1570050
18295 2423573
18469 2440967
18551 2363166
18586 2463331
18610 1561805
18642 1165394
18671 2461603
18797 2036949
18836 2466275
18888 1195501
18983 2426167
19050 2057989
19242 2432873
19328 2459751
19365 2089226
19543 2029648
19634 2429981
19750 1872312
19879 2421681
19890 2466803
19902 2023390
20183 2037947
20204 2380289
20266 2027756
20940 1403688
21032 1563431
21173 2458649
21404 2467141
21532 2459527
21865 2460679
21998 1967464
22447 2444173
22449 1174311
22556 1486545
22650 2460745
22681 2437847
22828 2453940
23276 2381553
23351 2464193
23413 1332451
23568 2091382
23570 1420579
23610 1569556
23633 2467370
24083 2094082
24342 1972840
24407 2391837
24905 2411161
24956 2460761
25220 2465946
25267 2443198
25366 2441403
25833 2465846
26453 2392413
26735 2466617
26993 2464415
27123 2462261
27318 1617478
27571 2467453
27724 2344681
27869 2450943
27909 2452631
28520 2467409
28621 2442763
28743 2422141
29124 2030065
29381 2019076
29696 2059370
30544 2036408
31160 2406163
31279 2461019
31425 1614438
31748 2441717
31897 1912352
32364 2465337
32589 2448965
32664 1676141
32739 2351509
32988 2446885
33809 2075069
33943 2464283
36718 2460949
37313 2086809
37394 2452945
38227 2063032
39821 1624742
39845 2040400
40034 2451565
40742 2449123
40987 2445935
41239 2431313
41853 2380579
41994 2459171
42380 2024237
42863 2384023
43273 1422442
43613 1831724
43717 2450879
44480 2465955
44484 2444543
45181 2371687
45232 2020126
45960 2458589
46195 2036729
46673 2465363
46849 2353206
47220 2464079
47868 2000364
47949 2058125
48107 2074989
48255 2439929
48427 1536509
48468 2378741
49246 2445547
53715 2401655
54016 2066850
56389 1593475
56891 2467219
57135 1928182
58769 1093758
59124 2400081
59323 2466733
59928 1426147
61229 2459235
61536 2386033
65198 2042310
66096 2373390
68745 1960897
68781 2465507
69592 2444552
69800 2380445
70692 2403023
71998 2463226
72601 2283026
76952 1883442
77624 2360542
79125 2425735
79181 2459309
79238 2450501
79692 2454185
79918 2465197
79931 2419969
80515 2463615
83016 2454413
86491 2467371
86729 2451901
88519 2355074
102101 1630687
102549 2402261
103140 2453887
103297 2463665
104284 2455337
105598 2445215
106925 2437065
107593 2443103
108882 2451359
116324 1989148
117250 2463991
117529 1456729
118312 2467648
118356 2457384
118598 2452918
120234 2454062
121971 1617277
129298 2459007
132134 2430827
133350 2456673
133354 1483403
133364 1476090
133431 2421661
133469 2436013
133491 1530882
133534 2415559
133619 2456601
133633 2458415
134812 1403145
135457 2428181
135463 2373565
138913 2456117
139961 2423585
145066 2464093
146507 2397277
146552 2463392
146810 2433231
146955 2433139
146988 2459791
153793 2444419
154470 2463901
156176 2451108
158854 1540923
159558 2455688
160774 2436045
161044 2460205
161889 2467323
167947 2462543
168619 2451834
169771 2467341
170808 2065531
174358 2465319
174897 2376879
176601 2466520
176924 2463933
177802 2464733
181523 2465696
181991 2466375
182528 1630492
182879 2463409
184853 2441893
185966 2454708
191410 1579929
196484 1620450
197325 1435373
205369 2081494
210453 1579151
232364 1943164
256929 1579756
266229 1630130
267372 1606609
284563 1615138
287268 1629762
287542 2040784
288503 1883530
300913 2369360
305163 1630570
306234 2366077
309842 2074129
317642 2170818
321689 1971337
323614 2061015
323673 2091195
323720 1924018
323724 2003672
323763 2093366
323856 2074540
324047 2090195
324182 2039272
324256 1842538
324293 1974467
324410 2085771
324635 2084546
324691 2023731
324723 2093144
325017 2092573
325067 2019509
325242 2086739
325774 1985489
326276 2093640
326655 2002951
327069 1983991
327322 2093156
328974 2025323
329122 2048379
329195 1976771
329212 1975241
329213 1976275
330822 2023361
335738 2093934
336626 2032819
340060 2074484
343061 2010933
343518 1865466
349698 1957248
350142 1943946
350213 1897440
350273 1897432
350569 2031729
351715 1955994
351730 2016875
351829 2013180
351862 1883858
352191 2000143
352769 1959452
353893 1974252
354643 2074501
356394 1991136
360745 1947058
363890 2042811
369117 1954596
371567 2003077
372518 2046869
378580 2035906
378582 2035228
378584 2086328
384767 1969507
384786 1966497
384805 1961627
384837 2465676
386324 2464048
389436 2463720
415046 2021099
432596 2038199
456951 2093754
476752 2179619
477999 2157735
491246 2183194
494916 2132633
500082 2159677
536901 2371901
548283 2371073
556196 2371508
570165 2373580
579606 2467670
