[15, 16, 17, 18, 19, 20, 21, 22, 23, 24, 25, 26, 27, 28, 29, 30] [0] [1, 2, 3, 4, 5, 6, 7, 8, 9, 10, 11, 12, 13, 14]

Cache:  2000
LRU
HYBRID
Static Cache Size: 600
Dynamic Cache Size: 1400
99928 396958
99928 396958
Lat: 9911892.0
Sess cnt: 1467700
Sess lat: 6.75335013967
[15, 16, 17, 18, 19, 20, 21, 22, 23, 24, 25, 26, 27, 28, 29, 30] [0] [1, 2, 3, 4, 5, 6, 7, 8, 9, 10, 11, 12, 13, 14]

Cache:  400
LRU
HYBRID
Static Cache Size: 120
Dynamic Cache Size: 280
46734 305520
46734 305520
Lat: 10506850.0
Sess cnt: 1467700
Sess lat: 7.15871772161
[15, 16, 17, 18, 19, 20, 21, 22, 23, 24, 25, 26, 27, 28, 29, 30] [0] [1, 2, 3, 4, 5, 6, 7, 8, 9, 10, 11, 12, 13, 14]

Cache:  100
LRU
HYBRID
Static Cache Size: 30
Dynamic Cache Size: 70
24226 227801
24226 227801
Lat: 10878046.0
Sess cnt: 1467700
Sess lat: 7.41162771684
[15, 16, 17, 18, 19, 20, 21, 22, 23, 24, 25, 26, 27, 28, 29, 30] [0] [1, 2, 3, 4, 5, 6, 7, 8, 9, 10, 11, 12, 13, 14]

Cache:  1000
LRU
HYBRID
Static Cache Size: 300
Dynamic Cache Size: 700
72682 355587
72682 355587
Lat: 10204910.0
Sess cnt: 1467700
Sess lat: 6.95299448116
[15, 16, 17, 18, 19, 20, 21, 22, 23, 24, 25, 26, 27, 28, 29, 30] [0] [1, 2, 3, 4, 5, 6, 7, 8, 9, 10, 11, 12, 13, 14]

Cache:  100
LRU
LCD
LCD hits: 93776
Lat: 10893470.0
Sess cnt: 1467700
Sess lat: 7.42213667643
[15, 16, 17, 18, 19, 20, 21, 22, 23, 24, 25, 26, 27, 28, 29, 30] [0] [1, 2, 3, 4, 5, 6, 7, 8, 9, 10, 11, 12, 13, 14]

Cache:  2000
LRU
LCD
LCD hits: 127224
Lat: 10011394.0
Sess cnt: 1467700
Sess lat: 6.82114464809
[15, 16, 17, 18, 19, 20, 21, 22, 23, 24, 25, 26, 27, 28, 29, 30] [0] [1, 2, 3, 4, 5, 6, 7, 8, 9, 10, 11, 12, 13, 14]

Cache:  400
LRU
LCD
LCD hits: 113603
Lat: 10548690.0
Sess cnt: 1467700
Sess lat: 7.18722490972
[15, 16, 17, 18, 19, 20, 21, 22, 23, 24, 25, 26, 27, 28, 29, 30] [0] [1, 2, 3, 4, 5, 6, 7, 8, 9, 10, 11, 12, 13, 14]

Cache:  1000
LRU
LCD
LCD hits: 121681
Lat: 10266224.0
Sess cnt: 1467700
Sess lat: 6.99477004838
[15, 16, 17, 18, 19, 20, 21, 22, 23, 24, 25, 26, 27, 28, 29, 30] [0] [1, 2, 3, 4, 5, 6, 7, 8, 9, 10, 11, 12, 13, 14]

Cache:  12000
LRU
HYBRID
Static Cache Size: 3600
Dynamic Cache Size: 8400
234808 525664
234808 525664
Lat: 8943786.0
Sess cnt: 1467700
Sess lat: 6.09374259045
[15, 16, 17, 18, 19, 20, 21, 22, 23, 24, 25, 26, 27, 28, 29, 30] [0] [1, 2, 3, 4, 5, 6, 7, 8, 9, 10, 11, 12, 13, 14]

Cache:  6000
LRU
LCD
LCD hits: 143343
Lat: 9541772.0
Sess cnt: 1467700
Sess lat: 6.50117326429
[15, 16, 17, 18, 19, 20, 21, 22, 23, 24, 25, 26, 27, 28, 29, 30] [0] [1, 2, 3, 4, 5, 6, 7, 8, 9, 10, 11, 12, 13, 14]

Cache:  6000
LRU
HYBRID
Static Cache Size: 1800
Dynamic Cache Size: 4200
167825 473983
167825 473983
Lat: 9349406.0
Sess cnt: 1467700
Sess lat: 6.37010697009
[15, 16, 17, 18, 19, 20, 21, 22, 23, 24, 25, 26, 27, 28, 29, 30] [0] [1, 2, 3, 4, 5, 6, 7, 8, 9, 10, 11, 12, 13, 14]

Cache:  12000
LRU
LCD
LCD hits: 160795
Lat: 9217706.0
Sess cnt: 1467700
Sess lat: 6.28037473598
