[15, 16, 17, 18, 19, 20, 21, 22, 23, 24, 25, 26, 27, 28, 29, 30] [0] [1, 2, 3, 4, 5, 6, 7, 8, 9, 10, 11, 12, 13, 14]

Cache:  400
LRU
HYBRID
Static Cache Size: 120
Dynamic Cache Size: 280
Lat: 9866638.0
Sess cnt: 1467700
Sess lat: 6.72251686312
[15, 16, 17, 18, 19, 20, 21, 22, 23, 24, 25, 26, 27, 28, 29, 30] [0] [1, 2, 3, 4, 5, 6, 7, 8, 9, 10, 11, 12, 13, 14]

Cache:  2000
LRU
HYBRID
Static Cache Size: 600
Dynamic Cache Size: 1400
Lat: 9360112.0
Sess cnt: 1467700
Sess lat: 6.3774013763
[15, 16, 17, 18, 19, 20, 21, 22, 23, 24, 25, 26, 27, 28, 29, 30] [0] [1, 2, 3, 4, 5, 6, 7, 8, 9, 10, 11, 12, 13, 14]

Cache:  1000
LRU
HYBRID
Static Cache Size: 300
Dynamic Cache Size: 700
Lat: 9605740.0
Sess cnt: 1467700
Sess lat: 6.54475710295
[15, 16, 17, 18, 19, 20, 21, 22, 23, 24, 25, 26, 27, 28, 29, 30] [0] [1, 2, 3, 4, 5, 6, 7, 8, 9, 10, 11, 12, 13, 14]

Cache:  100
LRU
HYBRID
Static Cache Size: 30
Dynamic Cache Size: 70
Lat: 10269584.0
Sess cnt: 1467700
Sess lat: 6.99705934455
[15, 16, 17, 18, 19, 20, 21, 22, 23, 24, 25, 26, 27, 28, 29, 30] [0] [1, 2, 3, 4, 5, 6, 7, 8, 9, 10, 11, 12, 13, 14]

Cache:  400
LRU
Opt2
110216 400
110216 400
Lat: 11196182.0
Sess cnt: 1467700
Sess lat: 7.62838590993
[15, 16, 17, 18, 19, 20, 21, 22, 23, 24, 25, 26, 27, 28, 29, 30] [0] [1, 2, 3, 4, 5, 6, 7, 8, 9, 10, 11, 12, 13, 14]

Cache:  1000
LRU
Opt2
167441 1000
167441 1000
Lat: 10910358.0
Sess cnt: 1467700
Sess lat: 7.43364311508
[15, 16, 17, 18, 19, 20, 21, 22, 23, 24, 25, 26, 27, 28, 29, 30] [0] [1, 2, 3, 4, 5, 6, 7, 8, 9, 10, 11, 12, 13, 14]

Cache:  100
LRU
Opt2
58132 100
58132 100
Lat: 11458320.0
Sess cnt: 1467700
Sess lat: 7.8069905294
[15, 16, 17, 18, 19, 20, 21, 22, 23, 24, 25, 26, 27, 28, 29, 30] [0] [1, 2, 3, 4, 5, 6, 7, 8, 9, 10, 11, 12, 13, 14]

Cache:  2000
LRU
Opt2
227896 2000
227896 2000
Lat: 10605768.0
Sess cnt: 1467700
Sess lat: 7.22611432854
[15, 16, 17, 18, 19, 20, 21, 22, 23, 24, 25, 26, 27, 28, 29, 30] [0] [1, 2, 3, 4, 5, 6, 7, 8, 9, 10, 11, 12, 13, 14]

Cache:  12000
LRU
HYBRID
Static Cache Size: 3600
Dynamic Cache Size: 8400
Lat: 8334016.0
Sess cnt: 1467700
Sess lat: 5.67828302787
[15, 16, 17, 18, 19, 20, 21, 22, 23, 24, 25, 26, 27, 28, 29, 30] [0] [1, 2, 3, 4, 5, 6, 7, 8, 9, 10, 11, 12, 13, 14]

Cache:  6000
LRU
Opt2
367919 6000
367919 6000
Lat: 9899708.0
Sess cnt: 1467700
Sess lat: 6.74504871568
[15, 16, 17, 18, 19, 20, 21, 22, 23, 24, 25, 26, 27, 28, 29, 30] [0] [1, 2, 3, 4, 5, 6, 7, 8, 9, 10, 11, 12, 13, 14]

Cache:  6000
LRU
HYBRID
Static Cache Size: 1800
Dynamic Cache Size: 4200
Lat: 8831886.0
Sess cnt: 1467700
Sess lat: 6.01750085167
[15, 16, 17, 18, 19, 20, 21, 22, 23, 24, 25, 26, 27, 28, 29, 30] [0] [1, 2, 3, 4, 5, 6, 7, 8, 9, 10, 11, 12, 13, 14]

Cache:  12000
LRU
Opt2
497023 12000
497024 12000
Lat: 9250522.0
Sess cnt: 1467700
Sess lat: 6.30273352865
