321689
28520
103297
13868
117250
15057
28
27909
17124
79918
79692
1020
784
3291
23633
4465
13895
343061
21404
356394
942
196484
14029
79181
161889
5621
323673
26735
1040
1940
26993
7538
868
32589
9405
2861
139961
1405
2262
18671
266229
781
47220
351
11368
17114
21532
2407
9173
19890
44484
2038
936
3766
16160
286
17446
1114
456951
9381
118312
14548
45181
14382
2468
14409
327069
305163
61229
9408
104284
11218
80515
17036
121
3661
22650
19328
323614
363890
324410
328974
300913
16868
1704
288503
3109
17002
1081
118356
15404
118598
2328
6086
17324
590
16125
335738
19050
1159
