321689
28520
103297
13868
117250
15057
28
27909
17124
79918
79692
1020
784
3291
23633
4465
13895
343061
21404
356394
942
196484
14029
79181
161889
5621
323673
26735
1040
1940
26993
7538
868
32589
9405
2861
139961
1405
2262
18671
266229
781
47220
351
11368
17114
21532
2407
9173
19890
44484
2038
936
3766
16160
286
17446
1114
456951
9381
118312
14548
45181
14382
2468
14409
327069
305163
61229
9408
104284
11218
80515
17036
121
3661
22650
19328
323614
363890
324410
328974
300913
16868
1704
288503
3109
17002
1081
118356
15404
118598
2328
6086
17324
590
16125
335738
19050
1159
49246
9331
939
14763
193
1952
79125
6173
31279
182879
801
7619
323763
32364
13959
16049
120234
229
22681
329213
15532
41994
536901
351730
24905
156176
5101
31160
133619
116324
15219
17233
2655
14742
18295
3160
15169
4509
23276
325242
40742
56891
10051
79238
350273
14538
15743
477999
133633
145066
3235
102549
181991
329212
328
3171
27123
66096
167947
177802
9406
41853
154470
6096
83016
18469
2819
3558
39821
1299
9096
340060
352686
13900
343518
350213
19242
23351
32739
21865
14701
16117
384786
1239
5283
17018
48468
159558
3047
17488
354643
83
13874
325774
10260
19634
133350
146988
176924
4468
384805
11100
176601
325017
1865
5212
27571
22447
37313
48255
372518
570165
19879
729
7468
20940
45960
352769
13794
79931
138913
14883
15850
21173
129298
2208
59124
14175
26453
135463
161044
491246
548283
1464
1709
6995
17733
41239
369117
6580
107593
181523
102101
121971
13782
46673
53715
59323
330822
349698
351862
1222
8118
25833
324182
325067
326276
13007
106925
132134
146552
1111
3541
16843
108882
388
778
10166
15237
68781
169771
353893
556196
346
1829
267372
350142
13360
14497
33809
323720
133364
284563
9020
31897
6970
69592
133431
146955
329195
366895
1754
11972
13813
160774
1017
7076
15142
15456
23568
24083
68745
232364
1320
15908
58769
1653
1850
16786
21032
157801
170808
384837
31748
309842
10853
43717
61536
103140
133534
326655
350569
2511
9395
14608
27869
28621
47949
1851
5520
8317
17339
18610
18797
44480
71998
133469
5137
5310
36718
42863
70692
384767
476752
6600
18836
22828
37394
168619
323856
2478
14217
16119
25220
86491
174358
174897
279
1700
2077
16800
24342
25267
45232
287268
306234
10742
18888
20266
28743
197325
336626
378584
389436
19543
27724
65198
76952
415046
761
3731
43613
48107
133491
167101
6080
9147
14061
14190
47868
54016
59928
323724
324293
668
3927
16832
22556
32988
324635
432596
133
5397
7111
11190
14146
17183
17721
25366
117529
256929
287542
371567
1141
20204
21998
24956
30544
72601
134812
351829
89
1402
2425
2805
8442
13197
14397
16910
43273
48427
105598
2772
6104
10843
13156
15466
18642
56389
86729
146810
324256
9349
9420
9760
11052
69800
324047
329122
352191
1283
3837
7845
10543
16836
18551
29381
42380
157419
158854
191410
324691
363070
500082
2903
18586
19365
33943
46849
146507
153793
324723
351715
360745
378582
579606
1028
2207
7148
9832
14161
16799
19750
23570
23610
24407
40034
57135
133354
210453
327322
1024
1361
6014
19902
29696
38227
39845
46195
77624
88519
135457
185966
317642
494916
10965
14023
14125
18149
18983
20183
22449
23413
27318
29124
31425
32664
40987
182528
184853
205369
323961
378580
386324
827
9293
9998
12905
14903
23457
29962
31819
40150
44607
96802
133366
133417
158876
180815
2892
4599
20873
23655
57477
62776
119910
145147
242624
314244
323964
365401
45
11151
12945
24021
26742
47814
48074
49682
61973
83211
86778
133588
191826
240543
280224
287551
323965
332328
351125
378579
338
2040
16232
24172
25328
29502
48415
61806
64571
72402
103098
120432
133378
140109
149800
158987
209591
355023
378577
537091
547925
654
1589
1636
2921
10501
13306
17584
24929
29089
39755
52176
71041
90646
133271
187234
326004
328924
355040
476776
579596
1151
1343
18589
19642
22253
26613
46589
47298
60204
64299
65232
110440
190933
323649
324667
326924
353666
359050
371506
1312
2961
7575
9540
21822
27036
33289
43242
47506
92050
133812
199748
332086
333029
384988
386831
82
171
1466
2020
3351
5241
5297
13995
15319
24650
26299
28536
32494
37714
38113
65771
84321
135002
159006
178181
287868
342933
348066
348792
351359
385068
67
950
4861
7011
7047
8839
19194
23798
24027
25876
27101
33245
34674
47297
68412
87497
122451
133359
324274
355016
537432
425
2782
3462
3564
5323
10315
11463
14734
16241
22290
22711
24349
26302
26927
27896
44384
47707
56509
97963
125542
133481
148832
248481
323798
386105
483124
552871
12946
16650
16698
17984
26177
31820
39955
40366
45116
54869
59953
61222
87189
122245
133226
133435
161512
179485
191106
192358
203526
230303
330989
335971
349526
353864
359878
367142
609
2427
3116
3873
6831
9365
10780
19582
19913
20115
29979
45213
55396
61078
132697
189951
323754
325634
341158
365048
384987
98
1650
3292
3352
7399
9046
11636
14248
22392
25035
29178
29341
38705
42279
44197
54102
80383
84458
107059
129739
130273
133380
159982
188113
192757
229488
59
3448
4749
9196
11404
13792
15906
19117
26122
40145
44352
48289
61952
78674
79511
84358
91732
109700
133223
133446
146976
155095
160044
323814
385658
894
1577
2795
3680
3955
8793
11578
12311
13359
18479
19162
43203
48793
49819
58933
74872
90796
148758
180827
212430
314544
324294
326137
338784
342422
354931
535665
55
1368
1643
2297
2936
5677
6111
7994
11092
15745
17074
21122
25887
27748
44329
49081
59985
64395
67922
71872
80976
84373
117818
135151
143435
187276
219625
2460
3584
6569
8838
15326
15909
17364
26534
30884
37060
38681
48696
67269
79106
83612
94119
133365
186645
193275
231751
325952
339799
349676
372348
563184
14
1568
2090
7198
9433
9458
10057
13407
14238
17814
18260
18668
19954
20215
20555
24731
28019
37059
63392
73675
76758
104172
108457
140979
145229
179414
328124
328382
530021
1506
2372
2912
4796
11673
14005
15727
16598
20138
24131
35611
41506
53041
62482
64940
73474
112849
133383
133832
136051
138934
139012
160743
194793
325159
341842
350300
351228
351729
352515
555762
128
1032
1275
2391
7080
8560
11571
11643
13876
15796
17716
20265
26976
32309
45401
52184
61608
62995
65299
89479
133440
163791
183076
191769
227756
264616
324325
348834
358828
386164
386291
416073
202
219
928
3018
8127
9034
9392
10813
11498
15023
15053
16366
20800
21111
22385
23280
23339
25130
30481
31047
42887
44967
46415
48489
50323
61854
68296
69694
75022
133343
133397
138672
141512
233669
258218
324262
325397
325650
329052
340683
385677
549782
1861
3635
3735
5317
7632
9736
11399
14963
15602
16555
18168
21075
23968
24436
28189
28955
30887
31302
32680
35366
51140
100258
123762
133414
155709
178589
180045
186182
186532
188903
202599
348965
384968
558440
113
405
1030
1975
3599
5112
9424
14133
14184
15584
16128
17782
17998
23628
25089
25185
26184
27311
27434
28111
28290
30382
30410
33089
38827
40612
40637
41714
51433
59678
67979
83461
86480
98631
110362
133248
133284
134880
135891
136369
141059
161315
182793
324105
325079
326596
330372
331556
338966
342096
343418
348322
353705
385806
478359
534314
32
131
1317
4529
4598
5110
7087
7529
9554
10782
12417
12544
14712
16089
16266
16432
16493
17213
21783
23386
25460
27708
29501
33235
58948
64791
72461
74891
75553
80394
93028
135879
161387
177875
249986
276442
314572
325032
327840
331516
332749
350695
352289
359344
385345
385906
2245
2776
3302
3887
4791
6883
8616
8778
9429
14773
17709
19430
19512
22368
22701
23342
23852
25560
26079
26740
29643
31481
35826
43388
46161
46833
51985
53893
58845
63143
97403
122179
133357
139109
150705
151267
177153
191624
202559
315759
333117
340052
350947
381494
386073
521605
543876
850
5292
5665
5983
6264
6332
6738
6891
9163
12483
12916
15342
15691
15862
18012
18819
19166
19457
20165
20578
21376
23120
25962
27019
32082
39637
39641
42080
42309
42548
43628
47975
48001
52572
59783
61698
62406
62778
63159
63321
66227
69079
75948
84910
86613
94785
105610
105996
106129
111159
113372
133192
133363
141634
194016
198358
208091
267573
325171
325572
344352
347545
347810
348815
351042
351201
354320
354509
361184
364737
368639
383511
190
2196
2949
3324
4684
5577
5679
5863
9174
10730
12800
17011
17363
18631
18781
19415
23102
23214
23224
24391
25961
26198
28595
30826
32695
32711
34853
40606
42090
45817
48366
48840
48965
51407
52007
62951
70613
71057
100769
109077
137073
155975
161360
162659
167472
179619
193229
196999
229699
250984
257591
314387
315035
323923
324389
328797
328937
365800
385472
522
951
1518
2366
3131
3140
4263
6570
7089
8074
8946
9128
9428
10208
10355
11018
14227
14445
15083
16672
21815
23910
24000
24299
25526
25766
26101
26372
32389
34624
35081
38205
39229
41144
41241
43079
43602
45246
49003
56363
61401
67476
67863
75596
75967
83299
84729
84994
128963
133352
159043
163185
191936
195502
207770
217784
288651
304492
315233
315440
315499
324715
325047
325195
325297
326247
330151
343784
385233
528997
1074
1909
2080
2217
2413
2654
5349
6268
6471
7140
9063
12606
12766
14169
14869
14978
15314
15651
15808
16489
17655
18435
18729
19708
20533
21222
25174
27372
36709
42288
43475
45195
45957
49255
53030
57233
60197
66716
70519
71131
90762
102752
138910
139764
145840
157853
164699
173006
174911
180120
186517
187740
192308
196497
249762
315311
325914
329111
329433
343290
348840
354147
371800
556054
250
822
1188
2835
2922
6321
6326
8009
11893
12449
13279
13369
14341
14345
14399
14434
16441
16497
16772
22441
23917
24278
25257
25393
25629
26768
27200
28750
29647
31130
31585
31861
38730
41555
47889
54321
56939
61770
61962
62184
77645
84077
90617
98303
98555
108425
116117
133340
147100
158995
159417
160805
172536
175391
188109
192082
192978
199555
207266
215902
226917
281009
315220
325378
340982
345108
363696
369903
385600
385825
385923
538338
136
547
1164
1344
1933
3524
3769
3975
8744
10048
14072
14436
14673
15772
17478
18333
19390
19662
25677
26704
28217
29796
30487
31684
31976
32691
34924
38039
38494
42430
49650
52043
56571
58603
68374
73781
73819
73821
78577
79516
85608
86488
88411
92400
104701
113825
114995
124142
128612
130297
137099
139374
159089
175053
185895
187511
190747
195752
197427
202028
292388
324906
328888
331484
333191
340255
349362
350872
369663
381849
385008
473591
474209
495003
495111
550056
178
1093
3275
4626
5299
7369
7585
8158
8460
8980
8981
10906
11016
11774
12572
12909
13489
14337
15615
16005
16389
16882
17451
17553
18060
20595
20922
22316
23879
24409
24637
27126
31336
32509
32806
33015
34090
41618
42647
45412
46257
46998
48486
49173
49379
53126
56670
58118
58834
59912
59990
61880
66694
76434
82913
85792
108237
151300
166096
176357
177043
178851
179504
184502
189089
189915
192763
271839
273033
287795
292800
314347
314684
315755
316309
316478
325522
334788
340542
342753
343639
344441
353535
357293
357596
359819
365301
365338
366045
370755
333
435
955
1137
1337
3988
4515
4915
5077
6544
7287
7288
7937
9068
9373
9470
9969
12768
13112
15204
15310
16629
21530
21616
23071
24057
27105
28159
28475
31083
31260
31496
39517
44556
46166
46762
47613
49398
50483
54709
55464
55601
55782
56812
62278
64118
65521
66807
69605
69695
71212
73140
81454
82999
93666
94471
96231
100673
109624
115400
116949
134956
136935
146050
153328
154416
157071
158882
172247
178477
197853
245858
250027
258118
288038
292600
314774
324483
324997
325515
325752
348261
354008
385823
387596
430381
439680
474220
529386
535107
164
431
454
697
1316
3035
3060
6978
7066
7115
8166
13849
14285
14552
16851
18109
18615
19431
19649
20229
20762
22949
23813
24308
25535
25884
26756
30001
31021
31193
31243
32785
34087
35336
35931
37478
38060
39412
40605
41751
44400
45898
46116
46801
47257
48505
51151
51597
51694
55882
58072
58724
60036
61959
64526
66522
66624
69519
91376
111661
119461
142613
146818
147506
178630
200742
203951
206554
212425
227384
251519
269666
271665
277017
282606
316645
343700
344037
350117
355109
355904
367908
423562
438909
545627
285
645
776
926
1155
1897
2493
4371
5437
5781
6248
6808
6964
7654
8057
8429
8515
10310
10798
10835
11652
11785
12684
14528
15682
15891
15949
16967
17061
17875
20132
22647
23011
23092
23405
24245
25950
26065
26078
26637
27783
28733
29262
29611
30874
32895
34651
38046
38391
38701
38820
39360
41861
44100
60306
61838
61954
65295
66250
71203
74289
74518
74527
77682
77944
85626
100368
107826
119104
151560
161197
171040
171578
173994
175506
182694
184477
188328
188663
189031
194041
229591
287653
293439
314432
328487
342033
347030
347958
350830
352104
354525
354608
355277
362723
365706
368550
371500
392871
508720
535373
579588
204
1232
1359
1889
1983
2203
2979
3206
3589
3672
3973
4331
5121
5739
5797
5894
5930
6470
8906
9356
9850
10280
10833
13201
13213
13725
13884
14717
14757
15781
17064
20856
21527
22388
22432
23598
25917
28218
28408
28832
28983
32211
35119
39346
41214
43350
44165
45269
45633
45921
47327
48343
53170
57091
57154
58642
59014
62076
67908
69804
69917
76343
79852
83137
87532
89039
93557
114134
120386
123766
124918
128651
130292
145695
153237
179224
182522
192395
196506
196559
196622
196803
198548
211819
212570
229001
293214
295952
314594
314647
315620
327816
328442
328681
346302
351671
355136
362051
383755
384843
559
935
1110
2777
2958
2973
4055
4705
4868
5045
8251
8719
9253
9372
9591
9635
10109
11096
11748
12275
13230
13940
15656
15735
16157
17391
18293
18410
18946
19948
20072
20107
20120
21696
24237
26068
27183
28987
31324
33534
39278
41304
41638
41826
43260
43531
44998
45025
47887
48726
48855
51298
51680
53454
55877
56983
58882
65281
70709
72070
72521
76687
77068
83973
87872
97587
101428
107818
119785
121302
130527
131657
134171
135761
139368
141263
147480
150957
160877
161458
196923
201110
223033
242593
255076
255614
258075
277399
314500
314659
316484
325327
328015
330061
331027
332121
335408
335766
337839
340074
347259
386919
387927
388243
388532
477931
546474
560621
217
664
2044
2386
2807
3099
3128
3294
3356
3556
3678
4381
4438
5014
5213
5266
5537
5862
6236
6850
8206
9484
9883
10062
10924
12161
12182
12961
14052
14205
14215
15258
15571
18275
18672
18965
19510
21902
23506
23720
25145
25246
25485
26468
26530
26574
27671
29026
29227
29394
31654
33961
35087
35718
36259
39208
40779
42070
42210
43667
47149
47646
50100
53946
55245
58879
61909
73802
77326
80619
81039
82568
91630
97296
123139
124658
133092
135791
139831
149549
153444
158198
158356
161538
163177
175400
176640
180737
190949
191282
193706
195108
195641
197395
198608
202640
208978
219769
282448
315782
326396
328269
329878
331608
338315
347791
347869
347909
347969
348095
348826
348837
355189
358516
359417
365527
372754
384841
385083
385170
385173
386655
387999
442372
473820
497885
787
967
1267
1365
1836
3277
3762
4035
4247
4787
5348
6148
6384
6498
8178
8402
8528
9146
9167
9385
9944
10008
10144
11598
12273
12632
13130
13258
14766
15605
16507
17151
17723
17860
18868
19550
19877
20553
20779
22277
22477
22872
23205
25354
27004
28508
29081
31101
31285
31314
31407
31490
32461
34827
35319
35691
37443
37453
37770
39544
39683
40154
41749
46133
47341
47490
48262
52332
55297
55897
61330
61684
64962
72558
72595
73601
78225
78691
81109
85746
89894
90114
92405
92724
92863
95140
110880
118629
125800
133303
135776
142013
144776
150657
155934
160849
170615
175065
188770
191407
192867
193041
200772
203782
208387
208483
224328
262934
289439
303758
314660
324971
325589
326605
326704
328088
329396
331731
345054
350101
350702
351283
352702
354356
355121
360170
368847
369099
372137
385057
385278
385616
385706
412768
495543
506937
524087
527732
546710
547344
556991
562521
92
578
2432
2804
3289
3535
4658
4930
5698
5738
6008
6039
8523
8923
9211
9513
9876
10142
11666
12292
12662
12753
13670
16408
16430
16451
19484
20121
20139
20787
21832
21870
22162
22185
23034
24141
24175
24622
25960
25997
27057
28335
28396
28414
29165
31089
31120
31222
32018
32105
32132
32208
32666
33155
33511
34499
37547
37655
38280
39497
39860
39971
40472
41217
43053
43251
43309
44935
47096
48475
50362
50937
51004
52648
52785
55177
55386
56746
57006
57867
59298
60201
60367
61630
62650
62712
63584
64314
67438
68277
70609
74377
75453
75772
76750
77012
77816
79304
79980
81699
82879
84492
86238
86307
87415
88963
89239
90139
94415
94439
101726
102898
111841
123942
124803
125073
132607
132664
134163
138190
138912
147391
148104
153050
153129
159159
164104
167870
174574
176900
180071
182425
185548
189490
191232
191373
192469
200335
205159
208411
232770
269539
283031
287280
326322
326344
329747
330157
331143
339813
344239
347273
350467
355073
357191
372647
372710
373773
463399
495845
500286
526315
281
319
580
861
1015
1403
1764
1852
2136
2374
2422
2939
3251
3908
3941
4205
5939
7153
7492
8326
9247
9422
9451
10806
11128
11146
11943
12489
12562
12603
12605
12622
13741
13858
14446
14487
14653
15499
15569
15687
16031
16171
17242
17403
18576
24575
25710
26176
26250
26924
26988
27255
27895
28623
28634
28887
30085
31834
31852
33159
34046
34239
34433
37241
37589
38355
39502
40658
41986
42372
43372
43956
44713
44822
46411
47663
48995
56370
60456
60569
64128
64857
65567
66176
71979
72294
74302
74787
80991
81560
81610
84091
85634
87364
89565
90892
94398
94841
95764
102062
107912
108443
112226
115395
115937
125624
127360
127976
140812
147144
158357
161779
168198
171619
174095
174895
175359
176499
179145
180172
180176
180312
181745
184392
185737
185831
186173
187349
187584
188161
189467
189653
191337
194217
195129
195352
196891
205038
205176
209527
217789
224898
227009
238454
239104
256587
273981
297936
314565
314694
316513
317674
320379
324497
328505
332456
334775
335317
335326
338079
338980
342179
343416
344409
344934
347026
347566
347818
347963
347972
348034
348527
348780
349153
349787
350505
350831
351828
352622
354176
358627
360279
361032
361749
363037
363627
365227
365275
368885
369702
371390
371450
372600
382049
384774
385183
385243
385280
385635
386106
389974
459982
497490
545011
549647
1513
1672
1892
1941
2041
2244
3386
4659
4701
4886
5831
6901
7152
7358
7541
7567
8508
8537
8626
8937
9015
9223
9804
12698
13598
13692
13706
14721
15577
15719
17378
17605
17973
18355
18736
19210
19396
19686
20103
21816
23231
24169
24260
24376
24992
26232
26463
26705
26905
27427
27630
27737
28384
28904
29466
31438
31807
31917
32182
33248
33651
34224
34336
35000
35050
36638
37298
37614
40059
43907
44249
44775
44786
45089
45548
46193
46421
49319
49363
50646
51984
56502
57018
57392
57668
59137
63262
65893
66275
72832
73612
74066
74182
77899
82666
86389
90386
91600
92246
92630
92643
92781
95393
99990
100942
105112
106573
123995
133224
133952
133981
134025
134264
136337
138852
139770
141560
144826
146307
155247
155755
176411
183257
183395
184867
187400
190893
191093
191838
192048
192675
192811
193916
197104
197936
198514
202395
227599
230507
231174
234031
243616
249027
254484
310153
314588
315165
319152
324153
324487
331637
333049
333574
338655
339526
340944
341895
343484
345709
346514
346626
351037
351990
363897
363925
364152
372449
384844
384868
384891
386427
474359
478340
486773
498191
576571
74
362
373
507
527
870
1000
1022
1053
1244
1259
1524
1681
2404
2897
2976
3093
3666
3865
3894
4639
5969
5998
6033
6586
6644
7624
7802
8299
8647
9828
11311
11445
12313
12395
12924
13217
14063
14222
15045
15880
16130
16265
16299
16638
17602
17946
18321
18624
18788
19021
20012
20095
20414
21417
22459
22704
22770
24191
25368
26120
26394
26572
29022
29188
30234
31597
31965
32088
33981
35413
35792
36007
36866
37332
37580
37825
38226
41005
41037
41208
41802
41879
42618
43891
44221
45613
46042
47585
48423
48914
50941
53649
55311
58319
60045
61805
61943
62742
63525
64498
67732
68762
73046
73801
78126
79984
80132
80543
84228
84526
85148
86689
86923
88001
90022
93909
95027
97031
110055
111796
114738
115165
117597
118699
121058
123406
127766
130825
139660
141299
142618
143156
146238
150122
153960
154201
161356
171704
177183
177270
178167
180848
180914
182490
185734
186345
186707
186731
187940
193318
194661
197007
197648
198316
198637
202519
202589
203833
204601
219055
253783
291004
314351
315436
316215
323650
324482
325491
325799
326527
326892
327693
333016
334207
334691
334696
334800
335780
336184
339260
340021
340507
342962
344459
346213
347522
349300
349696
349937
350441
353034
354111
355330
356053
363284
367544
375264
380576
384966
429275
432140
525900
566311
567035
576360
173
270
582
626
630
805
925
1043
1117
1716
1762
1934
2488
2573
2908
3260
3410
3424
3645
4179
4244
4431
4827
6004
6447
6865
7221
7592
8332
8380
8593
8912
9149
9694
11568
11859
12340
12500
13113
13403
13758
14101
14796
15115
15179
15634
15700
16365
16715
17115
17408
17447
18854
19554
19567
20877
21134
21237
22020
22225
22727
22782
22894
22990
24222
24377
25259
25996
26160
26729
28498
29217
31373
32188
32745
32770
33196
33453
33696
35659
37027
37228
38809
40364
42546
44208
45755
47058
47239
47779
48046
49281
49637
50329
50587
52608
52825
53017
53133
55232
55617
57331
57441
58752
60824
62550
66560
70314
71572
71870
72584
73434
74581
75673
76621
78536
79871
79964
80941
81608
82312
82610
83747
83993
84603
85227
88197
88572
90613
90836
91730
92727
93938
98243
101066
101535
102913
104239
104880
108863
109853
116373
121579
125033
136409
137557
138824
138938
139069
142552
142581
148034
153945
154336
155937
161379
162227
164316
165611
165874
165884
166280
167477
173309
175689
175777
177224
177901
178055
178203
178309
178387
179016
179892
180086
180377
180598
180754
182235
182270
182272
182774
183615
184482
185990
186089
188995
192878
193565
195048
195138
195172
200570
200777
202577
207003
230279
242585
249015
257900
258177
275732
280321
290101
314418
314421
315200
323647
325127
329506
330281
331440
338503
339816
341690
343114
344387
345576
345986
346401
346664
346801
346977
347329
347708
347767
347983
349080
349930
350498
351778
351957
353260
354110
355579
355883
356700
356734
357761
358809
359319
359485
360031
361604
362429
362995
364485
370075
370392
370919
370946
372619
373870
385364
386201
386895
425660
463464
488508
494780
495376
498192
522594
547687
572955
947
1100
1210
1370
1392
1842
1859
2087
2988
2995
3101
3102
3726
3939
3993
4225
5074
5289
5496
5771
5917
6293
6704
6907
7167
7275
8631
9185
10012
10185
12541
12708
14085
14224
14611
14982
15834
15841
16083
16191
16636
16637
17207
17228
17258
18017
18882
18883
19305
19870
20633
20998
21396
21798
21799
22060
22144
22423
22503
22703
22722
23013
23309
23312
23690
24527
24546
24856
25520
26276
26373
26411
26414
27129
27140
27984
28532
28882
29118
30578
30759
31205
31741
32354
34393
35134
35582
36915
36947
37599
37634
37689
38086
39981
41058
41174
41561
41649
43002
44528
45369
45546
46322
46389
46921
46952
47228
47958
48788
51497
52636
52821
54296
55150
55994
56595
57428
57974
58646
58959
59135
59691
59817
60565
62673
65145
65434
66153
66995
69174
71545
73850
74788
74790
75059
76632
77203
78473
81602
81643
87464
89576
95807
95918
96705
99685
104509
105708
106832
110596
111708
116931
118798
119516
122981
123288
129905
136162
139162
140306
141623
143455
143582
145745
151415
161745
173092
174288
177854
184310
185468
185474
190165
191466
191871
191877
193472
193970
195858
200884
205254
206419
206553
207868
210427
210801
210861
217366
219174
222271
224997
226981
230527
232956
237503
237515
238381
251041
252728
253077
253133
274221
287305
295499
306668
312308
314215
314616
315781
316694
325286
329891
330575
335037
335778
336448
338535
338889
341274
342613
344372
344816
346311
347012
349292
349333
349390
349845
355228
356954
360345
365571
378701
383376
383743
389184
412786
434009
442527
455183
475035
476371
484714
491406
498216
499374
499474
511221
526684
548386
555708
556064
579607
580303
58
389
1070
1103
1253
1666
1759
2382
2852
3147
3339
3634
3777
4139
4308
4441
4610
5000
6532
6619
7333
7450
7748
8145
8227
8274
9179
9391
9531
9590
9898
10411
10812
10827
11973
13121
13335
13635
14676
14810
14991
15153
15661
15723
15837
16145
16515
16713
17191
17305
17500
18095
18256
18307
20458
22911
22938
23997
24235
24877
25357
25568
26244
26664
26980
26992
27081
27261
27715
29314
29547
30956
31150
31270
31576
31631
31971
32669
32859
34163
34996
35462
36392
37276
37537
37884
39270
40066
41102
41110
41548
41588
42707
43160
43762
44425
44648
44673
45390
45526
45932
46542
47170
47735
48011
48484
49309
51286
55196
55628
55789
57504
59549
59822
61415
61604
61940
63594
65317
65658
67490
67817
70123
75347
75418
75502
75778
76629
77154
78556
78730
78802
78988
79398
80766
80837
81003
81177
82142
83088
83950
87330
89582
91752
91893
92164
92519
93159
96128
98052
99669
101118
105311
106051
107840
108714
109030
110890
111507
112409
114646
114886
118896
119522
127669
131061
133044
136375
138052
139336
140428
141306
144650
144832
144969
146713
146834
147442
150629
151468
152768
154789
155774
156265
158958
160194
162172
163579
163685
164108
166754
167822
171248
174389
174420
176015
176977
177145
177943
179259
179719
179722
180572
181070
181283
181839
183407
184544
185231
185730
186383
186766
192369
192505
193774
194510
197432
198765
199594
204299
207696
207848
209389
212658
214463
214877
217352
225489
226820
227885
248374
249576
249935
275882
280822
287440
289115
293183
293585
293633
307521
314328
314330
315236
323762
323815
323934
324796
325071
325683
325969
326133
326174
329040
329983
330177
331730
331882
335554
337273
341475
342557
346081
346668
351072
351830
352558
359565
362046
368706
385072
385641
386586
416245
431007
436331
462893
464873
498273
515142
533218
537588
576352
579721
30
108
191
411
477
737
797
802
1294
1348
1703
1808
2024
2107
2198
2384
2410
2484
2603
2950
2975
3023
3094
3141
3229
3315
3340
3671
3734
3944
3994
4111
4127
4559
4565
4963
5042
5853
6413
6479
6523
6699
6717
7053
7075
8359
9133
9524
9615
9708
10061
10489
10891
10914
10936
11097
11115
11153
11615
11881
12664
12712
13730
13986
14475
14547
14663
15406
15469
15737
15747
15775
16022
16718
16802
17047
17053
18683
18774
19499
19681
20240
20668
21265
21772
21938
21976
22101
23381
23832
25593
26021
26352
26604
26893
27446
28418
28420
29007
30414
31026
31152
31181
31954
32834
32939
33130
35438
35937
36085
36342
36522
37319
37910
39550
40190
40281
40678
40725
41236
41291
41373
42103
42378
43097
45230
45244
46197
46713
47093
47308
47928
49057
50478
51000
51375
51825
52861
53087
53818
54137
54349
54918
57263
57609
58150
58995
60532
61739
61951
63026
63604
63611
63659
64200
64514
64983
65103
65465
65501
66276
66477
66672
66684
67026
67503
67783
67940
70634
72967
73502
74861
77532
78706
79114
79435
79546
79969
79998
80195
80735
82336
82784
84126
86702
87209
87253
88595
89509
89957
90159
90502
90726
92230
93211
93877
95957
97996
99819
102574
103097
104094
105593
106287
106821
106978
107212
108651
110544
110639
112947
116486
116991
121565
122183
127707
127890
129859
130653
133421
134246
142100
145629
148510
153341
159064
160833
161890
161908
162030
165883
168448
170717
175015
176320
176751
176884
176970
177595
178386
179198
181437
181904
181941
182119
183269
185390
186170
186794
188673
189022
189459
189632
189697
191846
192054
192096
193153
193417
194922
196081
196606
198076
198574
201031
209672
213742
218760
226159
228680
229510
237670
239639
241011
242260
252007
264037
266167
270330
273770
286211
289986
290320
293244
306344
314765
314925
316930
324257
326114
326764
327462
329344
329937
330392
330959
331203
342882
343219
343327
343375
343790
344852
345800
347298
347447
347537
349273
352606
352679
352740
353116
353390
353717
354760
355043
355746
356626
357672
357920
358361
358433
359390
360264
360479
360813
361308
363068
363199
365480
365498
365783
366646
366962
367877
367891
369345
371004
371709
371959
374273
378694
382737
383361
383370
385613
386234
386609
387472
387918
388144
388669
390031
392753
413986
417968
457794
474847
478403
494603
539405
544010
242
283
788
794
826
1098
1384
1875
2360
3120
3210
3439
3700
3704
3710
4510
4850
5017
5263
5265
5542
5639
5956
6676
6809
6930
7016
7272
7591
8235
8602
8629
8646
8662
9000
9344
9396
9560
9973
10091
10222
10520
10591
10970
11467
11720
11849
11962
12022
12672
12801
12882
13299
13354
13844
13875
14498
14725
14966
15058
15129
16115
16290
16855
16909
16970
17237
17283
17479
17485
17810
17925
18055
18314
18331
18877
19085
19972
20009
20233
20300
20423
21329
22250
22347
22659
22939
23223
23455
23579
24544
25105
25540
25616
26333
26343
26684
27079
27211
27519
27549
27609
27920
28378
28679
28876
29073
29476
31046
31060
31103
31514
31927
33223
33444
34022
34052
35513
36151
36169
36364
36404
37152
37203
37287
37622
38031
38208
38768
38919
39749
40056
40672
40835
41029
42560
42634
42714
43548
44287
44289
46159
46689
47097
48128
49009
49721
50365
50539
51017
51321
51821
52207
53086
54097
54532
55130
56344
56448
56597
56723
56729
57235
57651
58002
58591
61875
61945
61947
62924
63058
64976
65518
66366
67334
70235
71104
71319
72053
74553
75883
80781
83273
83373
83897
84274
85742
86040
86157
87544
87947
88397
88518
88611
90525
93599
93635
93808
94378
94654
94859
96381
97010
97771
98897
100455
101136
104926
108116
108290
108439
111846
112775
113075
113373
114954
115774
117092
121830
122302
122845
124491
124591
124897
129795
132974
134715
138646
138788
139088
139331
139580
139617
139970
142493
150864
151338
153538
157077
158360
158959
160308
162000
163018
164249
167420
169516
170347
171318
174811
175200
175918
176088
180434
181414
182702
186224
187383
187525
187590
187891
188247
189254
190488
191221
191317
191495
192050
192419
193953
194774
194976
195340
195410
195483
197249
197352
200433
202127
202806
203080
203998
205272
211905
216200
219190
219833
224291
233817
236624
242771
253828
255284
258049
265788
267007
277181
281521
283358
294327
299310
314277
314362
314376
317402
319048
325343
325989
326184
327169
327735
328602
328750
329006
331309
332228
334169
334190
334806
336421
336561
336740
337837
340455
341124
343670
345074
345507
346012
347353
349449
351956
353020
354380
355193
360480
364026
365222
369295
375161
384835
385518
385546
386090
413198
435609
481519
495837
499500
499845
507714
508336
545688
567325
571295
579598
579640
11
36
132
446
452
515
628
683
869
1132
1144
1390
1430
1492
1498
1573
1668
1732
1885
1953
2189
2761
2786
3167
3561
3799
4042
4311
4384
4450
4611
4738
4847
4906
4923
5027
5070
5097
5233
5324
5628
6000
6112
6115
6542
6756
7007
7107
7397
9384
9409
9526
9774
9940
10004
10076
10528
10945
11611
11767
12216
12237
12316
12394
12727
12811
12910
13076
13548
13561
13588
14076
14260
14272
14476
15013
15392
15594
15999
16218
17089
17321
17846
18156
18209
19351
19468
19528
19689
20442
21451
21586
22068
22899
23141
23245
23952
24418
24686
25137
25467
25911
25947
26823
26919
27766
27916
28363
28365
28537
28689
29136
29499
29500
29648
30450
30509
31141
32396
32444
33905
33996
34230
34456
35065
35343
35650
36336
36471
36894
37227
37254
37480
37631
38563
38597
39400
39654
40423
40712
40822
41680
42998
43769
43829
45717
45831
46183
47443
48849
49785
50058
50479
50980
52212
52741
52826
56393
56547
56629
57188
58143
58371
58817
59977
60333
60366
60751
60838
61238
61263
62347
62654
64950
65096
65669
66763
68532
70063
70237
70884
71274
71910
73573
74626
75229
75633
75740
78973
79765
80093
83236
84243
84395
84778
85575
86383
87111
87244
88537
89025
90984
93750
94542
96111
96204
96281
97235
97242
97547
97570
99073
99393
100228
100574
104512
105064
105100
108262
108567
109461
109604
110757
112842
114667
116614
117916
119139
121012
122198
125716
127001
131703
132402
132461
133147
133207
133658
136087
136367
138064
139044
140273
142560
144812
147285
149770
150510
158311
158584
161324
164209
164839
165046
165887
175388
175948
176635
177325
177700
177871
178163
178286
178849
179140
179738
179826
180897
181391
182692
184425
185994
186526
186850
188734
189382
189838
190139
190289
191263
191288
192595
193175
194757
195550
197348
198703
200939
203609
203624
203783
204254
204595
204843
205239
209243
210712
213996
214780
217499
218905
222424
223669
224849
225040
230886
239982
244680
245610
248490
260600
271510
272408
276669
280519
287264
288667
290666
291727
299319
315068
320171
324561
324741
325802
326028
328327
328917
329669
332154
333964
334329
334538
336299
336353
336656
336830
337410
337796
339771
340716
341066
342177
342391
342892
344907
345362
345379
348456
349839
350420
351346
351728
352996
353216
353829
353904
355041
356427
357599
357749
359182
359857
361777
362172
362371
363409
364285
366667
372708
378083
382759
385175
385199
385402
385507
385517
385901
387170
387412
388324
388395
388977
421591
484727
486759
491785
494857
495871
496032
500228
538127
541527
560339
576378
578317
579849
580100
489
618
692
1112
1278
1648
1784
1824
1846
2132
2200
2392
2430
2450
2471
2492
2496
2948
3130
3420
3430
3443
3515
3560
3742
4092
4215
4299
4534
4571
4616
4685
4707
5160
5191
5370
5753
5758
5925
5942
6370
6589
6873
7006
7065
7648
7886
8012
8186
8334
8734
8826
9025
9498
9532
9638
9707
9748
9879
10002
10020
10242
10803
11142
11495
11530
11608
11975
12028
12245
12477
12670
13008
13038
13150
13444
13922
14009
15160
15200
15487
16752
16959
17265
17267
17695
17832
17866
17899
18021
19513
19588
19840
19888
19973
20109
20286
20326
20660
20661
21330
21590
22054
22851
24444
24471
24652
25022
25078
25373
25498
26023
26109
26809
26895
28724
29192
29425
29623
29634
30403
30429
31870
32085
32273
32947
33103
33345
33580
33801
34275
34666
34863
35278
35315
36004
36164
36640
36673
36686
36776
36924
37541
37715
37906
37971
38121
38179
39198
39462
40737
40786
40895
41059
41109
41149
41194
43135
43728
43901
45022
45395
46017
46534
46659
46707
46820
46840
47162
47207
47384
47821
47914
48662
48687
48712
48853
49104
49738
50081
50312
50795
51080
51761
52873
54653
54962
55067
55902
56714
57402
57579
58084
58312
58628
58891
59073
59411
62087
62273
62982
63263
63585
64239
64264
65016
65048
65217
65380
65977
66091
66479
67873
68278
69493
69767
70834
71865
72115
72297
72689
73885
74734
75701
76068
77543
78427
78712
79745
80945
81057
82826
82994
84008
84810
84879
85248
86348
86508
86678
86759
86927
88898
89920
90035
90422
92160
93678
93964
94135
94912
96005
98242
98740
100307
101419
102918
103810
104306
104603
105645
105650
107905
108002
108409
108423
109658
110824
110990
111156
114786
116522
118050
119392
121561
124808
125260
127652
128099
128715
132628
132831
138117
138146
139295
139890
140860
141226
142670
147621
147814
148663
151379
151709
152142
152195
152380
152782
153838
154476
154917
155038
155369
156351
156711
158858
159621
160416
164397
165019
165578
165789
166013
171219
171646
171942
174796
174824
176134
176336
176537
176911
177106
177617
179141
179459
179890
180198
180425
180534
180619
180641
180653
181113
181651
182467
182496
182906
182995
183017
183984
184424
184452
185366
185594
186132
186384
187626
188687
189024
189230
189505
189564
190838
191241
191295
191411
192016
192691
192692
192807
192844
192934
193050
193471
193529
195078
195144
197751
197989
199085
199134
199396
200544
200923
201657
202227
202466
204329
206793
210899
213551
214584
214922
214960
215367
215449
222988
223790
227038
227711
228648
230745
236992
239722
239943
245115
246138
256618
257489
258759
261169
261641
263995
267912
268167
268260
271339
275833
281483
282685
284769
286645
286912
289985
295274
295282
308938
309073
309705
313719
314360
314778
316048
316832
316835
327039
327846
329073
329081
329734
330213
330490
331790
333525
333668
334933
336163
336446
337882
338213
338691
338941
339161
339726
340076
340986
341219
341469
342310
342967
343246
343426
343719
344641
344775
344899
345521
345918
346066
346363
346670
347036
347045
347278
347375
347422
347525
347907
348138
348156
348844
349298
349308
349385
349581
349646
349910
349948
350216
351212
351362
351425
351689
351703
351793
352235
352397
352508
352695
353011
353444
353611
354576
355063
355107
355300
355697
355712
355773
355789
356896
357570
357653
357980
358443
358445
358701
358979
359817
359890
360972
361180
361841
362004
362325
362776
363191
363200
363231
363742
364460
364682
364756
364889
365043
365356
365405
365428
365607
367680
368813
369061
369065
369195
370723
371154
371546
372395
372565
372616
383344
384151
384806
384917
384964
385430
385793
386241
388594
390600
393598
418560
426477
440716
441429
447994
455162
462077
465891
473586
484745
491787
494655
495006
495238
495287
495345
495382
495650
495843
497167
497565
505739
511486
516329
523086
527662
537512
548622
548929
552829
553084
556272
576015
579605
252
331
474
506
568
655
907
958
1002
1009
1090
1242
1246
1330
1413
1693
2104
2646
2879
2933
3168
3282
3477
3544
3595
3707
3897
3992
4146
4284
4327
4375
4385
4569
4708
4725
4809
5007
5196
5276
5287
5377
5429
5550
5759
5824
5986
6070
6127
6141
6760
6814
6820
6916
7021
7027
7060
7366
7402
7677
7818
7985
8077
8172
8294
8607
8627
8643
9004
9231
9425
9444
9866
10072
10099
10286
10316
10450
10476
10625
10862
10940
10981
11020
11275
11414
11947
12085
12258
12519
12590
12634
12722
12887
12975
13264
13394
13468
13495
13591
13679
13771
13970
14482
14514
14950
15389
15748
15882
16134
16142
16527
16541
16557
16816
17315
17471
17548
17573
17585
17975
18119
18237
18566
18685
19658
19967
20027
20274
20659
21006
21166
21266
21599
22139
22307
22399
22981
23038
23246
23680
23792
23803
24225
24229
24923
25064
25190
25226
25300
25474
26039
26544
27087
27599
27658
28497
29358
29361
29600
29755
29802
29869
30352
31286
31381
31406
31502
31946
32366
32536
33003
33040
33044
33994
34061
34182
34244
34779
34874
34938
35219
35223
35444
36557
36739
36816
36893
37516
37843
37909
38412
38790
39110
39262
39614
40038
40079
40621
40985
41722
43328
43661
43879
44185
44303
44502
44950
45031
45076
46040
46369
46485
47153
47317
47761
47806
47825
47984
47986
48893
49005
49187
49424
50604
50653
51202
51218
51521
52179
52198
52566
54277
54738
55430
55945
56080
56278
56490
56970
57065
57308
57454
57622
58179
58563
58985
59538
61340
62490
63106
63122
63496
63948
64191
64265
65515
65670
65947
65982
66031
67514
67619
67676
67679
68046
68181
68268
68790
68974
68977
69133
70960
71569
72096
73066
73120
74056
74063
74590
75929
75953
77279
77669
79179
79879
80017
80496
81638
82715
83627
84106
84713
84919
85729
87345
87425
88856
89516
93551
94792
94950
95663
96555
96578
96948
98457
98630
99186
99492
100465
103696
104897
105937
109399
110794
112033
115213
115560
115794
116270
118007
118090
120043
120843
122004
123019
124343
124344
124360
124667
126173
127083
127121
128147
128196
128331
129358
130144
132957
133127
133258
136629
139110
140321
141895
142417
142963
144152
144821
147122
148500
149969
151073
151358
151370
152320
153841
156947
159427
160516
163354
165148
165964
166042
166801
170363
170603
172669
173255
173652
174821
175140
176765
176806
178582
179498
181547
182143
182403
183073
183498
184500
185887
186319
186868
188189
188637
188843
189497
189763
191346
191570
192258
192482
193130
194095
194311
194788
194993
195282
195355
195590
195615
196166
197088
199172
200528
200540
200595
200786
200888
200986
202202
202609
203932
204739
204909
207056
207078
208999
212431
219835
221337
224909
226028
227442
230913
230946
234090
236475
236972
238821
244012
253876
255074
259251
268346
271260
277100
282577
287814
287838
289874
290274
290696
299538
314223
314419
314462
315133
315718
316014
316566
324320
324981
325547
326791
327023
327819
328223
329060
333025
333460
334610
334612
335018
335284
335510
336355
336594
337266
341590
344759
345716
345721
347385
347616
348325
350439
350464
350795
351550
352636
353925
355288
355861
358958
359847
360477
360478
362562
363126
363510
366665
367845
368327
370228
372679
374755
384939
385249
385418
385446
385449
385520
386064
386092
386371
386594
386779
387441
387762
388057
388132
388514
388991
390041
390833
392027
418718
423177
426964
440271
445349
448198
474548
474876
477266
480055
484766
491703
496567
496568
503555
521299
524913
554892
557697
563232
565808
579701
141
266
339
352
529
577
799
927
984
1058
1082
1169
1182
1198
1217
1311
1557
1639
1669
1713
1763
1854
1886
1911
1916
2135
2161
2249
2296
2572
2583
2666
2713
2771
2788
2815
2818
2888
2931
2962
3022
3075
3156
3170
3286
3382
3400
3490
3606
3623
3835
4106
4283
4323
4396
4412
4437
4594
4933
5115
5147
5175
5346
5409
5536
5622
5643
5705
5916
5943
5973
6110
6499
6502
6510
6521
7356
7813
7825
8005
8035
8062
8341
8405
8426
8432
8545
8663
8709
8868
9060
9339
9900
10590
10603
10736
10933
11289
11524
11589
11620
11686
11862
11963
12000
12149
12221
12321
12374
12415
12641
12728
12847
12953
13079
13093
13124
13254
13357
13774
13945
13999
14013
14609
15276
15415
15542
15676
16139
16549
16589
16644
16654
16820
16957
16993
17247
17319
17455
17528
17575
17676
17755
17770
17796
17909
18201
18659
18869
18927
19423
19428
19769
19911
20015
20101
20744
20898
21120
21158
21195
21230
21261
21762
22040
22719
23070
23403
23502
23740
24012
24082
25427
26614
26731
26760
26851
26884
27264
27605
28233
28699
28720
29626
29899
29932
30110
30488
31215
31309
31603
31761
31842
31847
31937
32128
32728
32845
32919
33778
33909
34062
34190
34443
34642
35181
36227
36440
36683
37105
37175
37553
37568
37824
38016
38364
39024
41026
41410
41418
42242
42864
43610
43647
43952
44507
44946
45243
45477
45676
45991
46056
46254
46493
46828
46909
46991
47249
47361
47478
47617
48033
48070
48270
48864
49169
49543
50808
51333
51361
51600
52194
53044
53100
53519
53676
55611
55990
55997
56286
56441
57000
57032
57502
57763
58014
58722
59138
59463
59692
60695
60762
60800
61355
61809
61903
62448
62817
63243
63630
64504
65192
65349
65429
65544
67213
68035
70998
71185
71249
71303
71827
71984
72467
72604
72640
73110
73142
73642
75287
75634
75677
76920
77123
79341
79410
80504
80630
81318
81922
83427
83924
84170
85490
86489
87236
87440
87608
87661
87992
89029
89667
90992
91405
91462
91745
92310
93063
93876
94155
96316
96515
96570
97561
97770
98256
98733
99173
99378
99965
100052
101026
101667
103240
103422
103663
103713
104397
105104
105171
105850
106069
108048
108223
108898
108995
109043
111305
112085
113206
114330
114797
116001
116089
116218
117514
117946
118850
122679
123525
126530
126600
126647
126695
127255
127568
128242
128664
128858
129348
129706
131633
132801
133075
133671
133682
133842
134200
134281
134289
134529
134888
136126
137063
138088
138111
138179
138598
139318
139566
139975
140246
140799
142978
143527
143901
144769
145152
145396
145788
148463
148530
151052
151482
151819
152149
155242
155549
156570
159411
159808
160377
161434
162505
162577
164111
164569
165174
166658
171203
171306
173052
173426
173433
174691
174770
174841
175242
175298
175356
175455
175518
175990
176377
176481
177365
177857
178072
178533
178554
178587
179142
179204
179295
179425
179924
180913
180969
180981
181323
182286
182761
183362
183457
183552
183964
184050
184222
184234
184863
184971
185092
185575
186449
186612
186634
186935
187338
188234
188706
189492
190202
190294
190615
190807
191487
191973
192274
192547
192568
192766
193030
193177
193190
193635
194437
194477
195256
195530
197246
197951
198145
200690
200891
202572
204693
205420
207089
208249
210324
211752
213534
220897
222726
223587
223782
226202
227134
229558
230015
233532
233542
235696
235788
237914
237931
240278
241088
242804
242875
249210
249936
253634
255423
261876
272373
272681
272967
274469
275206
275872
279152
279901
282192
282730
282757
287519
288080
293349
294670
294715
295236
298335
315326
316003
316067
320432
324145
324237
324480
324834
325341
325358
325581
326167
326215
326976
327181
327352
327837
328147
328894
329193
329211
329335
329989
331259
331550
331862
332176
332545
334395
334541
336196
336883
337358
337650
338714
339397
339772
341147
341440
341447
341549
342661
342866
342869
343831
343942
344399
344433
344728
347858
348570
349322
349567
349864
349971
350446
350787
350799
351332
352133
354009
354640
355617
356072
356109
357598
357728
357987
358604
359896
359948
360680
361679
361774
361933
365335
365592
366628
366892
367255
367603
368254
368758
369894
373046
378628
379443
384799
385187
385356
385367
385440
385494
385554
385589
385614
385885
386265
386878
387222
387365
387413
389760
391209
403876
415201
416474
416506
424060
426577
443854
454846
459380
462030
465666
473711
481482
484882
485729
496732
498198
498374
519630
524413
534749
544173
545441
549809
566832
579865
47
90
153
293
400
521
971
981
1072
1146
1270
1302
1404
1459
1532
1588
1659
1660
1757
1795
1804
1914
2111
2194
2308
2343
2376
2424
2452
2465
2469
2481
2562
2673
2775
2952
2998
3038
3185
3529
3554
3608
3629
3677
3687
3733
3898
3957
3981
4000
4023
4280
4294
4480
4748
4814
4817
5018
5408
6018
6032
6269
6271
6317
6464
6482
6585
6606
6731
6771
6805
6866
7000
7102
7110
7141
7166
7332
7347
7459
7602
7609
7772
8001
8081
8091
8130
8325
8527
8666
9245
9261
9278
9290
9335
9473
9613
9676
9843
9926
10268
10334
10580
10583
10599
10820
11041
11053
11109
11563
11676
11757
11870
11884
12166
12186
12241
12425
12441
12640
12990
13181
13190
13284
13720
13724
14077
14105
14124
14131
14350
14543
15034
15590
15951
16019
16343
16591
16671
16725
16737
17027
17140
17157
17273
17745
17775
18234
18238
18373
18490
18591
18673
18733
19199
19373
19460
19687
19786
19866
19941
20179
20187
20695
21485
21988
22386
22547
22565
22960
23382
23563
23893
24004
24094
24139
24281
24357
24478
24559
24763
25003
25113
25650
25723
25777
26488
26694
26745
26948
28029
28163
28263
28837
29050
29583
29888
29911
30178
30842
31155
31268
31273
31315
31446
31499
31575
32226
32247
32282
32555
32883
33279
33288
33596
33853
34519
34533
34656
35598
35723
35893
36276
36516
36880
37621
38048
38242
38448
38543
38785
39083
39183
39381
39421
39516
39788
40068
40257
40524
41033
41532
41682
41948
41957
41967
42278
42833
43113
43393
43581
44108
44343
44483
44555
44850
45027
46218
46351
46556
46613
46950
47340
48233
48287
48544
48713
48755
49338
49847
50155
50253
50267
50597
50635
50974
50996
51326
51395
51667
51751
52175
52388
52454
53906
54678
55109
55689
56284
56432
56840
56842
56912
57788
57963
57979
58147
58861
58953
59216
59340
59365
59377
59983
60026
60032
60444
60635
60848
61194
61211
61257
62122
62247
62387
62500
62573
63572
63835
63844
63871
63908
64142
64454
65078
65724
66084
66444
66648
67803
68143
68543
69229
69359
69648
69731
70079
70116
70352
70557
70635
70782
70901
71509
71513
71734
71812
72128
72996
73153
73212
74058
75119
75683
75759
75935
76800
77345
77569
77922
78325
78580
78628
79012
79480
79651
80280
80629
81377
81487
81603
81614
83970
83974
84332
84589
84944
84966
86029
86158
86672
86816
87029
88371
88918
89514
90191
90828
91407
91772
92493
92501
92923
93218
94164
94514
94688
95602
95762
96342
96770
97498
97548
98310
99170
100137
100496
100625
100765
100839
101985
102411
102414
102461
102548
103005
103107
103210
103527
103728
104036
104985
107137
107533
108111
108179
108324
108415
109256
109477
109584
110670
111023
111074
111580
112640
112883
114920
115068
116315
116557
119815
120320
120694
121228
121374
121946
123423
123445
124155
124852
124968
125496
127234
127631
127950
128450
128901
129391
130837
131493
131770
131867
131943
132385
133195
134579
134671
134718
135069
135191
136092
136212
136819
139015
139625
140092
142142
142149
142547
143319
144695
145038
146203
147296
147817
149076
149229
152257
152307
153379
153442
153724
154112
155685
158773
160396
160598
161103
161837
162116
162417
163214
165027
166399
167779
168092
170271
171368
171424
171469
171471
173347
174685
175253
175398
175438
175493
175505
175715
175951
175986
176041
176265
176408
176484
176735
177428
177618
177671
177741
177891
177912
177938
178448
178576
178590
178627
179022
179030
179165
179186
179375
179661
179684
179726
179872
179919
180171
180183
180196
180237
180456
180490
180517
180605
180807
181024
181115
181686
182082
182179
182259
182279
182379
182429
182434
182506
182894
182937
183035
183055
183689
183991
184130
184384
184472
184564
184731
184740
184907
184919
185597
185878
185942
186054
186514
186636
186757
186887
186939
187516
187578
187585
187643
187736
187778
187860
188309
188346
188379
188443
188604
188701
188975
189103
189145
189149
189208
189304
189793
189832
190067
190304
190809
190845
191152
191260
191439
191478
191484
191509
191528
191555
191618
191681
191759
191884
191957
192128
192183
192236
192251
192447
192448
192475
192698
192806
193143
193264
193339
193364
193481
193542
193721
193726
193967
194033
194179
194241
194467
194522
194652
194702
194951
195037
195100
195203
195956
196151
196528
196820
197008
197040
198049
198265
198406
198618
198819
199429
199825
200658
200919
200921
201234
203395
203942
206033
208558
208929
210208
210275
210631
210981
211199
213499
213640
216734
216786
216978
217697
219049
219878
220726
222545
222792
223770
224439
224933
225207
225224
226336
226643
228117
228597
229916
231004
231951
233688
233831
235699
237299
240395
240889
242781
244479
244750
245549
247947
249094
251547
252614
252727
253618
254433
254661
255528
257348
259983
260194
261044
263281
270582
273768
277492
279017
280859
281562
282501
287181
287536
289564
289718
290184
292752
293472
297278
297720
302057
304209
305917
314320
314599
314921
314941
315138
316605
317804
323609
324329
324541
325138
325229
325377
325426
325457
326034
326255
326405
326523
326774
327372
327475
327938
329209
329391
331735
331852
333095
333545
334271
334737
335500
336802
336896
338345
338363
339596
339930
340701
341765
342507
342899
342980
343126
343147
343185
343253
343442
343886
343934
344117
344177
344231
344360
344362
344411
345001
345130
345266
345463
345476
345495
345696
345890
345932
346147
346529
346547
346635
346911
346994
347165
347254
347263
347361
347652
347740
347956
348029
348050
348124
348530
348757
348869
348958
349129
349202
349212
349284
349752
349913
350005
350016
350120
350124
350472
350739
350803
351180
351614
351656
351809
351825
351844
352079
352216
352454
353064
353194
353500
353617
354232
354244
354285
354666
354907
354993
355205
355261
355294
355875
355993
356229
356344
356867
356892
357026
357077
357176
357214
357363
357460
357799
357868
358010
358018
358067
358126
358399
358447
358463
358466
358557
358805
359060
359278
359452
359504
359614
359646
359726
359919
360517
360520
360557
360612
360625
360774
360838
361177
361225
361329
361566
361640
361690
361705
361710
362040
362150
362241
362676
362966
363192
363318
363620
363640
363728
364083
364631
365169
365365
365757
365796
365901
366170
366235
366537
366584
366601
366809
366947
367152
367183
367226
367442
367536
367629
367687
367747
368213
368579
369167
369187
369442
369478
369479
370046
370785
370837
371019
371056
371146
372216
372495
372498
372598
372716
372983
373001
373069
373131
374382
374774
380561
380892
381429
383716
384834
384866
385013
385026
385039
385052
385099
385309
385313
385674
385746
385858
386003
386171
386453
386791
387060
387368
387391
387705
391182
395017
397359
422023
422246
428922
430634
437324
437475
443699
445938
448954
452076
452110
456532
466644
468710
468998
476855
479394
480993
488376
494245
494552
494891
494948
494950
495019
495021
495248
495327
495388
495632
496541
496702
496869
497039
497604
498254
499871
513594
521369
524933
525681
546218
549199
551616
552932
561457
568830
570217
576348
576365
579589
579616
579802
2
109
231
256
394
482
499
621
629
689
773
777
877
1029
1037
1038
1116
1158
1208
1240
1412
1526
1615
1738
1794
2061
2138
2231
2235
2236
2295
2300
2338
2349
2358
2532
2641
2668
2733
2784
2963
3178
3306
3318
3588
3802
3843
3899
4134
4193
4496
4556
4567
4706
4776
4865
4974
5029
5047
5108
5356
5471
5563
5581
5601
5683
5728
5955
6101
6132
6201
6282
6324
6338
6503
6527
6543
6617
6848
6876
7026
7034
7093
7133
7180
7432
7589
7695
7874
7892
7941
8179
8577
8625
8630
8717
8820
8983
9012
9194
9214
9280
9334
9426
9478
9529
9713
9948
9967
10108
10206
10306
10418
10544
10753
10838
10901
11008
11277
11341
11488
11537
11737
11799
11886
11908
12240
12430
12523
12793
12803
12878
12942
13404
13474
13639
13739
13820
14012
14263
14375
14379
14491
14974
15109
15294
15429
15438
15521
15600
15659
15693
15884
15983
16061
16165
16316
16867
16893
17196
17257
17449
17826
18406
18561
18626
18667
18724
18970
19063
19536
20163
20188
21156
21289
21343
21413
21415
21853
22041
22450
22734
22785
22971
23107
23291
23319
23368
23551
24233
24253
24516
24685
24760
24849
24857
24926
24927
24963
25133
25241
25270
25380
25656
25661
25883
25906
25932
25952
26209
26421
26451
26464
26725
27082
27542
27738
27750
27954
28055
28074
28153
28156
28534
28845
28890
29107
29775
29822
29975
30458
31078
31126
31440
31504
31609
31648
32435
32657
33017
33121
33554
34250
34420
34718
35228
35290
35324
35921
35974
36243
36693
36839
36896
37099
37274
37469
37587
37800
37841
37890
38540
38853
39004
39100
39113
39148
39737
39886
40465
40943
41350
41369
41546
41767
42166
42201
42478
42739
42958
43146
43164
43289
43347
43649
44240
44294
44333
45002
45112
45141
45574
45628
46030
46136
46181
46953
47182
47426
47444
47466
47679
47947
48235
48336
48364
48807
48889
49170
49227
49373
49384
49516
49611
49774
49814
50279
50422
50503
51147
51555
51814
51897
51908
52202
53213
53218
53238
53279
53526
53740
54611
54695
54891
54990
55996
56279
56417
56716
56804
57077
57096
58015
58025
58102
59062
59082
59143
59324
59358
59427
59795
59829
60929
60998
61456
62517
63805
64319
64623
65473
65729
65804
66101
66651
66959
68506
69057
69312
69714
70473
70623
70958
71211
71912
71952
73295
73878
74141
74238
74710
74953
75289
75711
76150
76259
76567
76936
77748
77769
77927
77959
78030
78589
79108
79469
79911
79993
80458
81230
81349
81517
81714
82450
83037
83119
83317
83883
83968
84874
85003
85180
86490
87020
88236
88810
89007
89276
90019
90452
90503
90543
90795
91398
91618
92388
92443
93832
93994
94038
94092
94216
94252
94671
95039
95124
95157
95292
95447
95474
95657
96117
96167
96775
96783
97540
97877
99204
99400
99535
99551
100419
102136
102403
102680
103012
103231
103367
103425
103701
103747
104072
104181
104669
104883
105042
105627
106547
106819
106891
106969
107481
107537
108491
108953
109132
109538
109689
109880
110925
111703
111896
112118
112981
113101
113536
113566
114428
114674
115131
115158
115403
115692
115701
115747
117351
118187
118344
118384
119437
119553
119706
120033
121754
122174
122189
122205
123032
124154
124936
126312
126442
126866
127179
127888
127939
129700
130714
134402
135163
135445
135641
137053
137411
137534
138043
139615
140050
141630
142414
142857
143539
143871
143979
145744
146051
146170
147214
147309
147729
148049
150049
150310
150340
151060
151088
152926
153450
153557
155385
156691
157002
157020
157283
157925
158688
159252
159463
159761
160783
161672
161843
161965
162264
162918
163405
164862
165032
165150
166937
167096
167258
167423
168672
169438
173166
173585
174197
174556
174866
175134
175665
176199
176467
176488
176495
176692
176825
177019
177321
179383
179675
179681
180979
181420
181539
181680
181798
181944
182963
182994
183343
184508
184655
184659
184805
185691
186168
186293
186551
186906
187260
187288
187637
187745
187746
187783
187915
188423
188635
188762
189146
190707
190739
192036
192209
192281
192602
192606
192642
192837
192853
192913
193127
193551
193937
194195
194278
194359
194454
194880
195291
195474
195695
196804
196907
197279
198031
198360
199005
200285
200948
201937
202018
202835
203236
203545
203803
204292
204511
204624
204782
204937
205776
205938
206285
206749
208475
209044
209425
210068
210119
212533
213437
215162
215703
215874
216543
217136
218715
220406
220967
224103
225943
226088
227795
228369
230884
231088
231943
232251
234276
234455
234620
235617
236096
236797
237866
239647
246194
248834
249693
252567
253345
253865
253929
253932
254189
254534
255952
257835
261186
262963
263976
268344
272898
272985
274539
275846
277023
277170
277719
278236
278342
285536
287799
287996
293163
295228
295249
295623
295813
298745
299725
299798
300608
300690
305766
306150
308844
310129
314751
315296
315825
316471
317967
319875
323648
323904
324264
324343
324447
324763
324872
324933
325045
325102
325578
325707
325796
326031
326740
326752
327180
327775
328056
328301
329067
329273
329680
329805
330053
331269
332007
332114
332304
332488
333340
333517
333650
333941
334312
335075
335422
335909
336714
336936
336959
338138
338572
339095
340484
341033
341113
341445
342079
342487
343482
344488
344823
344838
345078
345155
345680
346459
346847
347042
347204
348566
348684
348856
348889
349936
350069
350334
350911
351079
351133
351148
352229
352594
354646
354787
354848
355571
356346
356441
356889
357771
358055
358374
358647
360224
360395
361744
362422
362738
365219
365670
366596
366825
367244
368617
369650
372083
372364
372442
383319
384819
385047
385110
385262
385362
385426
385427
385481
385564
385742
385766
386083
386276
386294
386331
386429
386430
386546
386555
386744
386796
386934
387561
387744
387987
388332
389725
390958
413142
423002
423013
431363
432207
437988
444973
447165
447186
456269
461109
473736
474423
474812
475545
476976
477137
477271
486473
487241
491157
494915
495458
495862
496095
499862
500292
508669
511467
522188
523075
526244
526392
527052
531142
535328
535375
537311
539466
541679
542162
544411
546240
558507
562508
568846
571034
573463
575883
576370
579579
579758
579801
579946
580124
24
227
459
638
639
845
862
896
961
1013
1277
1454
1678
1744
1803
1826
1841
1862
2419
2429
2472
2477
2529
2533
2649
2660
2802
2956
3243
3284
3309
3365
3435
3562
3571
3706
3716
3807
3812
3997
4024
4034
4138
4350
4523
4536
4591
4641
4655
4775
4919
4952
5019
5063
5072
5176
5179
5243
5279
5288
5357
5521
5589
5656
5769
5832
5857
5895
5953
5978
5999
6041
6044
6105
6107
6145
6225
6258
6272
6461
6488
6556
6728
6963
6980
7025
7064
7190
7208
7290
7379
7411
7449
7590
7674
7697
7722
7788
7820
7930
8139
8209
8210
8226
8366
8555
8582
8656
8684
8686
8806
8853
8924
8933
8960
9038
9072
9127
9219
9237
9271
9403
9491
9514
9776
10050
10345
10555
10644
10665
10733
10834
11205
11211
11267
11438
11461
11503
11594
11857
12170
12255
12319
12327
12328
12526
12683
12798
13300
13379
13396
13420
13502
13553
13579
13702
13731
13738
13780
13863
13996
14032
14714
14722
14998
15051
15927
16108
16231
16302
16535
16998
17019
17062
17095
17457
17463
17639
17908
17922
18179
18215
18227
18240
18732
18755
18904
19126
19356
19803
19897
20093
20144
20232
20289
20545
20573
20593
21046
21250
21465
21518
21554
21831
21972
22100
22446
22453
22617
22856
23116
23192
23756
23878
24160
24279
24293
24334
24423
24737
24828
24922
25153
25155
25448
25670
25980
26206
26368
26392
26402
26439
26642
26834
26868
27090
27100
27271
27532
27704
27714
27982
27991
28028
28353
28356
28527
28560
29036
29348
29378
29428
29679
29769
30364
30798
30823
31044
31198
31291
31412
31459
31489
31614
31621
31633
31690
31926
32113
32300
32304
32327
32545
32582
32681
32960
32985
33185
33249
33643
33730
33983
34060
34110
34134
34700
34728
34886
35084
35214
35969
35992
36506
36514
36646
36906
36916
37073
37200
37306
37368
37464
37586
37750
38078
38093
38173
38351
38431
39371
39887
39975
39977
40085
40662
40898
40949
41178
41377
41637
42347
42373
42572
43378
43439
43616
43629
43641
43875
43986
44009
44105
44328
44398
44462
44491
44611
44848
45162
45709
46215
46253
46488
46662
46842
46944
47681
47867
48038
48333
48388
48923
49095
49489
49568
49946
50174
50689
51436
51644
52210
53528
53712
54036
54150
54516
55027
55237
55267
55708
55712
55792
55872
55946
56200
56404
56626
56708
57631
57784
57836
58296
58558
58595
59374
59393
59506
60127
60295
60420
60466
61196
61280
61287
61564
61582
62166
62946
63133
63144
63443
63536
63664
63920
63956
64015
64159
64183
64260
64416
65086
65105
65331
65577
66104
66492
66523
66725
66840
67187
68643
69411
69670
70362
70542
70622
70732
70770
71155
71506
71559
71644
71662
71665
72438
72635
73576
73660
74126
74316
74334
74708
74781
74826
75041
75075
75415
75510
76417
76775
77355
77386
77648
78217
78404
78600
79215
79454
79485
79876
79928
81500
81505
81566
81631
81998
82067
82137
82904
83014
83294
83350
83742
83849
83949
84084
84110
84198
84606
84952
85031
85215
85482
85567
85763
85922
86006
86148
86629
86739
86877
86977
86986
87097
87122
87581
87919
88077
88233
89374
89420
89907
89921
90484
90719
92237
92746
92933
93220
93598
93737
93739
93880
94380
94837
94921
95049
95082
95358
95410
95429
95475
96108
96346
98049
98134
98763
98791
98888
99674
99838
100138
100216
100343
102017
102200
102240
103022
103110
103313
103402
103715
104135
104421
105083
105905
106065
106273
106830
107062
107933
109000
109164
109211
109242
109456
109547
109994
110151
110885
111721
112596
113451
113568
114683
115134
115309
115532
115982
116330
116871
117200
117231
117378
117492
117705
117958
118565
118747
118769
119633
120191
121758
121804
121839
122208
122266
122629
122642
122967
123026
123205
125564
126066
126303
126545
126551
127103
127285
128412
129290
129542
129558
129777
129973
130652
131039
131057
131348
132387
132722
133108
133847
133914
134178
134287
134732
135080
135824
135895
136670
136981
137117
138783
138996
139283
139894
140111
140197
140256
140584
140600
140800
142000
142197
142906
143713
144346
144463
144641
144920
145544
145709
145858
146692
146915
147202
147318
147321
148041
148391
148705
148796
148810
149090
149458
149812
149815
150218
150255
150331
150547
150656
151476
151490
151860
152134
152238
152831
152941
152961
153930
154955
155028
155067
155566
155830
156229
156233
156665
156682
157287
158384
159156
159376
159869
159960
161371
161591
161994
162016
162017
162043
163884
163961
165285
165871
165886
166855
167939
168147
168834
169032
169428
169500
169966
170753
170950
171968
172378
172484
172485
172636
172872
173766
173912
174506
175167
175278
175342
175497
175703
176084
176210
176249
176258
176278
176962
177039
177042
177119
177937
178313
178398
178428
178820
179587
179981
180009
180155
180332
181505
181801
182291
182538
183050
183321
184287
184387
184707
184925
185411
185668
185935
186007
186073
186140
186508
186967
187209
187342
187423
187675
188047
188190
188761
188914
189084
189119
189362
190122
190548
191078
191496
191539
191895
192000
192138
192244
192338
192391
192499
192636
192652
192849
193136
193237
193363
193611
193641
193903
193911
194019
194164
194190
194219
194406
194419
194525
194594
194855
194984
195133
195179
195362
195375
195741
196162
196699
196906
197058
197490
197766
197824
197861
198016
198055
198353
198733
198905
199553
200674
201673
202190
202431
202582
202824
203230
203299
203785
203965
204221
204894
205296
205929
205979
206372
208895
210067
210531
210592
212860
213950
214391
215184
215194
215697
216518
218079
218602
220072
220433
221738
224119
224494
226741
226967
229387
229509
231035
231692
234635
237939
238244
238446
238727
239692
241069
242931
243086
243097
244092
245398
245587
245958
246151
248792
250098
250436
251991
252693
256325
257005
259080
260827
261725
261937
263267
263527
266004
266570
270977
270991
271502
272894
273257
273372
273900
274576
276094
276265
276326
276520
278056
278997
280046
280189
280265
281996
282628
282734
282741
282913
283016
284630
287651
287730
289118
289370
289578
290585
290684
291320
292929
294265
294698
295777
305343
306426
308710
314420
314525
314682
315189
316940
318589
318629
323924
324233
324338
324509
324915
325003
325129
325179
325441
325976
326294
326582
326718
327502
327791
327856
328044
328055
328249
328361
328796
329176
329600
329624
329932
330396
330734
330930
331132
331222
331280
332825
333261
333273
333579
333635
334055
334158
335569
335595
335987
337677
338248
338532
338750
339171
339747
339958
340054
341238
341472
341505
341606
342234
342612
342820
343352
343515
343897
344377
344834
344873
344890
345003
345328
346367
346369
346531
347034
347292
347370
347438
347507
348937
349335
349549
349566
349679
350059
350501
350712
350718
350857
352266
352313
352394
352657
352766
353368
354385
354720
355200
355652
356155
356563
356946
357539
358722
359882
360024
362007
362069
362622
363158
363423
364508
364690
365831
365904
366025
366188
366754
366883
366891
367346
368193
368602
368622
369314
369467
369862
370410
371247
371930
371963
372344
372513
372867
378204
378643
384792
384825
384951
385090
385358
385573
385780
385920
386033
386361
386463
386491
386544
386605
386675
387001
387168
387479
387486
387528
387754
388017
388559
388725
389135
389400
389851
391413
393101
414780
422027
424528
425046
428126
433418
437456
442002
442230
448933
448968
449681
462066
463231
468005
472766
474930
474933
476599
476770
476909
477378
480793
484609
487730
490259
495004
495809
496053
496651
496657
497124
497496
498190
498619
500419
503328
505096
505227
507359
508014
508558
511772
521107
524269
524967
525279
525299
526563
529749
529887
531031
531595
531606
531649
532905
535965
536861
541036
541893
544532
546238
546818
547814
548130
549079
551872
556081
565599
568803
568942
570610
572573
576383
576424
576618
579590
579600
579774
9
38
41
115
174
183
308
358
371
402
497
598
603
650
690
693
715
740
745
779
791
866
934
968
976
1102
1130
1185
1190
1200
1339
1342
1355
1460
1522
1604
1632
1655
1690
1723
1761
1787
1802
1876
1937
1950
1965
2054
2088
2133
2137
2192
2266
2325
2337
2495
2545
2577
2591
2599
2636
2706
2718
2726
2728
2732
2768
2798
2845
2880
2882
2959
3076
3079
3096
3182
3190
3254
3273
3279
3323
3326
3361
3367
3375
3447
3512
3531
3537
3550
3557
3630
3649
3850
4084
4171
4176
4290
4326
4343
4357
4528
4535
4603
4609
4614
4673
4692
4855
4890
4947
4955
4978
5041
5068
5091
5136
5165
5230
5302
5303
5442
5458
5462
5525
5539
5557
5615
5634
5649
5657
5671
5720
5791
5803
5841
5860
5926
5976
5994
6068
6126
6288
6336
6349
6403
6418
6496
6551
6559
6834
6837
6969
6996
7003
7143
7216
7232
7257
7269
7325
7394
7425
7613
7667
7793
7940
7962
7977
7987
7991
8150
8159
8276
8300
8315
8453
8516
8526
8567
8576
8583
8919
9024
9048
9053
9103
9114
9117
9177
9251
9291
9294
9519
9522
9751
9788
9796
9968
9971
10037
10088
10107
10115
10158
10241
10251
10311
10320
10324
10373
10381
10416
10485
10525
10530
10651
10687
10690
10839
10928
10994
11119
11124
11189
11238
11249
11303
11308
11333
11536
11551
11592
11618
11628
11648
11669
11679
11728
11750
11773
11899
11980
12015
12035
12037
12099
12517
12554
12618
12717
12765
12770
12790
12833
12852
12944
13222
13247
13268
13282
13371
13563
13569
13767
13797
13821
13835
13848
13892
13907
13921
13969
14185
14515
14560
14951
15036
15354
15814
15856
15873
15892
16030
16281
16513
16596
16740
16778
17186
17210
17253
17306
17426
17527
17809
17992
18334
18346
18364
18442
18540
18675
18719
18805
18872
19108
19134
19215
19675
19764
20038
20169
20723
20946
21264
21336
21474
21560
21914
21929
22023
22037
22048
22152
22333
22377
22425
22489
22509
22537
22756
22841
22864
23270
23372
23605
23754
23772
23836
23866
23869
23938
24121
24182
24481
24517
24593
24631
24729
24846
25055
25240
25327
25379
25438
25542
25606
25722
25785
26082
26161
26196
26442
26484
26541
26559
26560
26826
26914
27156
27241
27422
27425
27426
28262
28361
28382
28434
28466
28483
28700
28821
28966
29579
29748
29786
30129
30224
30400
30527
31004
31138
31162
31323
31329
31431
31452
31461
31666
31867
31912
32060
32075
32336
32900
32901
33007
33071
33084
33092
33100
33172
33176
33459
33464
33470
33693
34139
34220
34341
34379
34536
34541
34773
34841
35036
35665
35867
35901
36036
36050
36882
36885
37058
37297
37441
37709
37874
38009
38052
38250
38443
38656
38915
38946
39069
39299
39457
40132
40141
40229
40834
41122
41137
41145
41465
41693
41729
41829
42264
42450
43136
43215
43305
43455
43617
43708
43746
43955
44013
44062
44253
44405
44463
45024
45312
45664
46412
46524
46793
46829
46928
46981
47061
47085
47107
47225
47373
47406
47763
48036
48362
48905
48961
49039
49165
49236
49352
49368
49431
49480
49809
49838
50063
50181
50537
50562
50584
50842
51063
51264
51677
51731
51919
52054
52225
52436
52512
53219
53290
53295
53371
53462
53557
53681
53776
53836
54034
54182
54526
54644
54740
54751
54971
55186
55229
55292
55341
55366
55463
55679
55717
55865
56178
56357
56394
56777
56990
57238
57289
57374
57425
58136
58148
58428
58534
58549
58838
59332
59360
60195
60227
60347
60407
60475
60570
60858
61574
61804
61957
61999
62033
62722
62965
63544
63549
63561
63622
64066
64238
64532
64546
64801
64948
64967
64968
65419
65526
65913
66754
66825
67421
67524
67746
67857
68024
68062
68316
68658
68727
69697
69720
69776
69788
69907
70003
70137
70182
70449
70937
71077
72190
73197
73210
73418
73454
73567
73699
73763
73859
73906
74300
76073
76131
76569
76712
76810
76852
77048
77449
77636
77647
77685
77813
78625
78852
78897
79129
79167
79173
79298
79619
80150
80358
80373
80562
80648
80913
81104
81308
81384
81468
81545
81728
81791
82176
82199
84215
85098
85747
85810
86085
86088
86121
86371
86838
86950
87011
88581
89684
90037
90124
90138
90201
90737
91413
91488
91504
91736
91892
92245
92419
92753
93079
93185
93387
93457
93818
93979
94015
94150
94187
95062
95241
96173
96220
96418
96424
96626
96892
97000
97038
97041
98025
98472
98491
98743
99024
99038
99171
99252
99340
99523
100134
100891
101325
101564
102147
102173
102226
102471
102476
102744
102811
102954
103119
103165
103548
103898
104109
104970
105199
105339
105378
105998
106105
106323
106341
107383
107791
107841
108710
108718
108896
109638
109659
109674
110721
110744
111292
111317
111606
111655
111786
112455
112499
112584
112668
113078
113221
114007
114316
114509
114518
114567
114829
115201
116143
117124
117195
117798
117964
118006
118749
119135
119194
119635
119846
120105
120263
121347
121439
123696
125348
126214
126926
126940
127481
127613
127657
127947
128358
128785
129002
129138
129461
129784
131056
131666
131932
132044
132176
132653
134219
134237
134851
135415
135431
135894
136104
136758
136777
137478
137517
138107
138623
139269
139313
139888
140120
140284
140336
141196
141442
141985
142057
142204
142284
142502
143535
143739
143742
144023
144531
144903
145736
145929
146062
146130
146642
146927
147226
147418
147679
148352
149535
149907
150376
150612
150662
150837
151083
151161
151254
151434
151728
151797
152338
152873
153297
153362
153463
154100
155375
156884
156980
158361
158367
158910
158918
160658
161008
161744
161859
162516
162688
163675
164193
164558
165077
165415
165862
166717
167478
167593
169840
170240
172150
172416
172605
172617
174510
174703
174728
174747
174825
174869
174874
174878
174942
174950
175040
175132
175166
175442
175498
175524
175641
175667
175713
175790
175791
175920
175965
175997
176006
176171
176295
176312
176415
176473
176501
176515
176550
176610
176700
176797
176840
176908
176949
176957
177004
177144
177236
177300
177372
177377
177518
177554
177601
177608
177712
177716
177765
177795
177815
177907
177923
177973
177977
177981
177998
178004
178013
178037
178063
178085
178210
178234
178288
178348
178632
178668
178758
178802
178813
178848
178866
178894
178937
179029
179035
179066
179245
179254
179262
179348
179477
179480
179495
179847
179873
179930
179992
180037
180085
180118
180163
180173
180208
180262
180402
180404
180405
180410
180442
180457
180562
180611
180612
180630
180632
180648
180725
180746
180825
180851
180949
181071
181083
181090
181335
181453
181474
181532
181643
181746
181833
181933
181971
182057
182073
182110
182156
182278
182327
182376
182380
182393
182427
182493
182544
182569
182611
182615
182669
182746
182896
182907
183024
183044
183047
183198
183202
183246
183277
183291
183298
183411
183540
183573
183613
183643
183668
183733
183762
183766
183922
184148
184180
184225
184290
184360
184406
184445
184487
184569
184611
184640
184675
184677
184681
184682
184719
184742
184786
184943
184947
184958
184977
185084
185107
185310
185337
185407
185477
185511
185542
185559
185565
185611
185669
185892
185911
185929
185957
186063
186098
186105
186183
186284
186537
186574
186604
186690
186706
186734
186891
187138
187225
187250
187708
187913
188031
188124
188150
188181
188192
188305
188337
188454
188582
188623
188655
188658
188660
188710
188720
188739
188759
188807
188907
189018
189140
189195
189265
189284
189335
189818
189853
189987
189993
190068
190401
190646
190696
190735
190761
190837
190923
191002
191250
191342
191425
191447
191456
191463
191533
191643
191661
191800
191834
191896
191909
191950
191968
191977
192099
192478
192566
192604
192640
192645
192724
192764
192850
192865
192871
192925
192928
192983
193150
193267
193409
193428
193477
193553
193639
193671
193754
193814
193820
193866
194026
194047
194100
194215
194287
194338
194449
194598
194622
194644
194715
195088
195219
195237
195276
195314
195315
195338
195343
195344
195542
195577
195691
195728
195771
195789
195819
196156
196472
196858
196980
197165
198092
198495
198693
199157
199473
199770
199794
200565
200593
200942
201305
201440
202047
202509
202989
203051
203366
203433
203452
203891
203986
204873
205271
205892
206718
207462
208779
208964
209169
209170
209316
209759
209967
210402
210545
210560
210730
210888
211169
211403
211956
212713
213646
213657
213661
213673
214315
214406
214727
214895
215046
215200
215830
215976
216251
216370
216695
216857
217924
218190
218404
219389
221617
221904
221971
223365
223527
223723
224520
224765
226089
227346
228014
229131
229361
229501
229641
229808
229896
230316
231216
231276
232272
232600
234382
235118
235161
236137
237904
238126
240047
240068
240457
240463
240607
241150
242599
243006
243100
247552
248297
249127
249337
250139
250545
250558
252233
252629
253307
253589
254169
254411
254533
254934
255925
256313
256588
257196
257986
259320
260895
261676
262279
262753
263161
263227
266955
268157
268278
269016
269648
269974
270130
270912
273037
273412
275023
278122
280645
280981
283268
285346
286656
287381
287720
287927
288193
288557
288800
289508
291494
291759
293674
294389
304782
307417
307551
314626
315058
315111
315203
315231
315539
316759
317361
317493
318317
318856
323742
323749
324141
324583
324714
325338
325417
325729
326207
326487
326508
326587
326936
327541
327647
327696
327860
328137
328279
328890
329634
330545
330630
330704
330878
331496
332143
332337
332739
332798
333354
333398
333552
334022
334131
334533
334780
334792
335044
335285
336227
336251
336851
337254
337711
337909
338054
338307
338410
338472
338512
338653
338856
339921
340024
341322
341858
342070
343030
343047
343112
343132
343157
343172
343223
343226
343287
343297
343302
343336
343339
343577
343589
343596
343598
343652
343697
343778
343806
343907
343928
343995
344001
344033
344086
344134
344194
344198
344232
344279
344347
344499
344527
344545
344619
344655
344675
344832
344889
345024
345112
345137
345149
345157
345195
345351
345367
345421
345431
345471
345545
345785
345804
345824
345828
345915
345974
346015
346049
346112
346120
346226
346309
346336
346742
346826
346905
346919
346942
347069
347092
347134
347372
347406
347420
347427
347448
347459
347498
347526
347527
347595
347643
347668
347819
347925
347998
348036
348071
348116
348139
348160
348199
348432
348496
348518
348542
348592
348805
349034
349118
349189
349191
349207
349283
349350
349403
349520
349578
349620
349639
349643
349648
349784
349867
349881
350014
350019
350052
350145
350147
350195
350250
350280
350372
350465
350490
350537
350692
350733
350755
350819
350979
351057
351087
351137
351207
351293
351370
351442
351461
351479
351493
351519
351576
351622
351640
351731
351835
351877
352039
352071
352099
352337
352404
352434
352554
352597
352626
352920
352977
353024
353093
353175
353215
353283
353296
353372
353486
353536
353544
353567
353645
353711
353728
353862
354053
354064
354071
354078
354092
354103
354205
354330
354332
354391
354517
354524
354535
354567
354812
354852
354859
354960
354964
355034
355128
355266
355311
355354
355443
355583
355610
355812
355846
355911
356001
356056
356077
356158
356196
356228
356467
356611
356798
356841
356925
356971
357041
357054
357143
357155
357186
357195
357349
357386
357575
357609
357667
357695
357802
357898
357918
358048
358127
358136
358185
358198
358348
358456
358629
358634
358795
358916
358974
358995
359017
359041
359274
359281
359283
359324
359351
359357
359606
359615
359748
359831
359871
360021
360023
360057
360367
360423
360438
360761
360781
361128
361356
361406
361433
361479
361618
361662
361861
361938
362016
362068
362083
362085
362113
362128
362143
362155
362355
362419
362497
362556
362574
362708
362827
362876
362905
362907
363008
363106
363129
363185
363249
363431
363473
363623
363651
363766
364020
364035
364053
364055
364159
364204
364222
364325
364340
364366
364372
364616
364689
364771
365082
365115
365160
365374
365462
365514
365529
365686
365714
365756
365846
365873
365878
366087
366189
366325
366404
366449
366488
366709
366715
366717
366816
367082
367149
367162
367334
367336
367355
367400
367437
367664
367726
367737
368026
368230
368347
368411
368416
368612
368638
368755
368781
368808
368841
368842
368916
368927
369037
369289
369396
369524
369544
369548
369790
369966
370108
370167
370194
370243
370521
370526
370535
370659
370702
370733
370765
370803
370811
370838
370854
370910
370975
371276
371442
371481
371598
371739
372009
372096
372121
372143
372384
372394
372419
372423
372477
372515
372534
372555
372579
372718
372733
372771
372887
372967
373491
375107
375777
376518
378663
378869
380235
380725
381079
382482
384567
384821
384838
384898
385078
385107
385177
385226
385232
