321689
28520
103297
13868
117250
15057
28
27909
17124
79918
79692
1020
784
3291
23633
4465
13895
343061
21404
356394
942
196484
14029
79181
161889
5621
323673
26735
1040
1940
26993
7538
868
32589
9405
2861
139961
1405
2262
18671
266229
781
47220
351
11368
17114
21532
2407
9173
19890
44484
2038
936
3766
16160
286
17446
1114
456951
9381
118312
14548
45181
14382
2468
14409
327069
305163
61229
9408
104284
11218
80515
17036
121
3661
22650
19328
323614
363890
324410
328974
300913
16868
1704
288503
3109
17002
1081
118356
15404
118598
2328
6086
17324
590
16125
335738
19050
1159
49246
9331
939
14763
193
1952
79125
6173
31279
182879
801
7619
323763
32364
13959
16049
120234
229
22681
329213
15532
41994
536901
351730
24905
156176
5101
31160
133619
116324
15219
17233
2655
14742
18295
3160
15169
4509
23276
325242
40742
56891
10051
79238
350273
14538
15743
477999
133633
145066
3235
102549
181991
329212
328
3171
27123
66096
167947
177802
9406
41853
154470
6096
83016
18469
2819
3558
39821
1299
9096
340060
352686
13900
343518
350213
19242
23351
32739
21865
14701
16117
384786
1239
5283
17018
48468
159558
3047
17488
354643
83
13874
325774
10260
19634
133350
146988
176924
4468
384805
11100
176601
325017
1865
5212
27571
22447
37313
48255
372518
570165
19879
729
7468
20940
45960
352769
13794
79931
138913
14883
15850
21173
129298
2208
59124
14175
26453
135463
161044
491246
548283
1464
1709
6995
17733
41239
369117
6580
107593
181523
102101
121971
13782
46673
53715
59323
330822
349698
351862
1222
8118
25833
324182
325067
326276
13007
106925
132134
146552
1111
3541
16843
108882
388
778
10166
15237
68781
169771
353893
556196
346
1829
267372
350142
13360
14497
33809
