321689
28520
103297
13868
117250
15057
28
27909
17124
79918
79692
1020
784
3291
23633
4465
13895
343061
21404
356394
942
196484
14029
79181
161889
5621
323673
26735
1040
1940
26993
7538
868
32589
9405
2861
139961
1405
2262
18671
266229
781
47220
351
11368
17114
21532
2407
9173
19890
44484
2038
936
3766
16160
286
17446
1114
456951
9381
118312
14548
45181
14382
2468
14409
327069
305163
61229
9408
104284
11218
80515
17036
121
3661
22650
19328
323614
363890
324410
328974
300913
16868
1704
288503
3109
17002
1081
118356
15404
118598
2328
6086
17324
590
16125
335738
19050
1159
49246
9331
939
14763
193
1952
79125
6173
31279
182879
801
7619
323763
32364
13959
16049
120234
229
22681
329213
15532
41994
536901
351730
24905
156176
5101
31160
133619
116324
15219
17233
2655
14742
18295
3160
15169
4509
23276
325242
40742
56891
10051
79238
350273
14538
15743
477999
133633
145066
3235
102549
181991
329212
328
3171
27123
66096
167947
177802
9406
41853
154470
6096
83016
18469
2819
3558
39821
1299
9096
340060
352686
13900
343518
350213
19242
23351
32739
21865
14701
16117
384786
1239
5283
17018
48468
159558
3047
17488
354643
83
13874
325774
10260
19634
133350
146988
176924
4468
384805
11100
176601
325017
1865
5212
27571
22447
37313
48255
372518
570165
19879
729
7468
20940
45960
352769
13794
79931
138913
14883
15850
21173
129298
2208
59124
14175
26453
135463
161044
491246
548283
1464
1709
6995
17733
41239
369117
6580
107593
181523
102101
121971
13782
46673
53715
59323
330822
349698
351862
1222
8118
25833
324182
325067
326276
13007
106925
132134
146552
1111
3541
16843
108882
388
778
10166
15237
68781
169771
353893
556196
346
1829
267372
350142
13360
14497
33809
323720
133364
284563
9020
31897
6970
69592
133431
146955
329195
366895
1754
11972
13813
160774
1017
7076
15142
15456
23568
24083
68745
232364
1320
15908
58769
1653
1850
16786
21032
157801
170808
384837
31748
309842
10853
43717
61536
103140
133534
326655
350569
2511
9395
14608
27869
28621
47949
1851
5520
8317
17339
18610
18797
44480
71998
133469
5137
5310
36718
42863
70692
384767
476752
6600
18836
22828
37394
168619
323856
2478
14217
16119
25220
86491
174358
174897
279
1700
2077
16800
24342
25267
45232
287268
306234
10742
18888
20266
28743
197325
336626
378584
389436
19543
27724
65198
76952
415046
761
3731
43613
48107
133491
167101
6080
9147
14061
14190
47868
54016
59928
323724
324293
668
3927
16832
22556
32988
324635
432596
133
5397
7111
11190
14146
17183
17721
25366
117529
256929
287542
371567
1141
20204
21998
24956
30544
72601
134812
351829
89
1402
2425
2805
8442
13197
14397
16910
43273
48427
105598
2772
6104
10843
13156
15466
18642
56389
86729
146810
324256
9349
9420
9760
11052
69800
324047
329122
352191
1283
3837
7845
10543
16836
18551
29381
42380
157419
158854
191410
324691
363070
500082
2903
18586
19365
33943
46849
146507
153793
324723
351715
360745
378582
579606
1028
2207
7148
9832
14161
16799
19750
23570
23610
24407
40034
57135
133354
210453
327322
1024
1361
6014
19902
29696
38227
39845
46195
77624
