49246
9331
939
14763
193
1952
79125
6173
31279
182879
801
7619
323763
32364
13959
16049
120234
229
22681
329213
15532
41994
536901
351730
24905
156176
5101
31160
133619
116324
15219
17233
2655
14742
18295
3160
15169
4509
23276
325242
40742
56891
10051
79238
350273
14538
15743
477999
133633
145066
3235
102549
181991
329212
328
3171
27123
66096
167947
177802
9406
41853
154470
6096
83016
18469
2819
3558
39821
1299
9096
340060
352686
13900
343518
350213
19242
23351
32739
21865
14701
16117
384786
1239
5283
17018
48468
159558
3047
17488
354643
83
13874
325774
10260
19634
133350
146988
176924
4468
