385245
385265
385281
385290
385327
385450
385497
385530
385566
385631
385701
385888
385897
385941
385977
386149
386212
386296
386474
386565
386830
386986
386996
387069
387096
387230
387389
387419
387514
387675
388238
388290
388484
388551
388563
388900
389274
389277
389285
390042
390413
391699
400502
413855
414220
418480
420058
420401
421013
424357
429611
433529
436905
438767
438876
439082
442446
449659
449775
450007
456528
456647
465193
475393
476817
478561
481000
481885
483610
484086
484946
485671
485777
490586
490655
494340
494938
494942
495042
495067
495317
495321
495409
495465
495706
495832
495880
496439
496483
496721
496797
496819
496901
496908
496930
497066
497213
497311
498172
498256
502010
503694
508889
511194
515941
517097
521459
521792
524427
527061
528278
528417
528443
530433
530865
532067
532752
534835
534954
540458
541689
545264
545949
550992
551589
554663
555790
556818
560512
560539
561593
575620
576033
576356
576373
579873
580083
21
149
158
177
209
214
224
299
347
385
426
606
619
620
795
856
1014
1052
1067
1149
1214
1254
1480
1488
1515
1539
1560
1563
1586
1622
1628
1662
1853
1863
2008
2014
2017
2034
2043
2058
2309
2330
2470
2537
2547
2593
2612
2628
2652
2723
2730
2779
2801
2812
2881
2909
2953
2990
2992
3044
3112
3138
3143
3151
3366
3402
3429
3444
3471
3563
3590
3617
3637
3690
3780
3883
3912
4072
4080
4188
4210
4243
4386
4434
4491
4508
4572
4711
4728
4810
4969
5142
5159
5170
5185
5273
5413
5487
5523
5570
5687
5734
5793
5809
5902
5936
5997
6113
6128
6133
6174
6202
6218
6241
6275
6283
6344
6639
6668
6892
6933
7042
7157
7192
7242
7286
7337
7471
7485
7516
7682
7756
7763
7863
7996
8065
8070
8109
8143
8245
8249
8338
8348
8392
8480
8870
9056
9071
9088
9102
9205
9207
9355
9360
9490
9553
9593
9639
9738
9839
9955
9978
10274
10336
10400
10481
10692
10747
10865
10897
10978
11032
11108
11177
11230
11259
11326
11344
11361
11582
11680
11687
11694
11755
11772
11803
11815
11939
12020
12086
12113
12134
12141
12248
12337
12364
12397
12434
12636
12667
12700
12879
12920
12952
12959
13045
13193
13261
13266
13319
13347
13373
13411
13499
13600
13627
13665
13726
13752
13807
13882
14210
14235
14536
14577
14624
14964
15009
15010
15031
15408
15512
15526
15588
15750
15871
15934
15937
16038
16087
16260
16325
16367
16428
16521
16544
16548
16551
16639
16916
16946
16999
17028
17230
17380
17691
17717
17840
17938
18016
18369
19138
19169
19211
19233
19248
19279
19389
19397
19480
19547
19623
20416
20427
20489
20523
20581
20885
20921
21036
21131
21161
21199
21365
21399
21453
21514
21602
21627
21884
21941
21987
22007
22773
22811
23367
23432
23482
23483
23556
23585
23744
23854
23946
23957
24125
24280
24381
24426
24448
24490
24669
24695
24868
25298
25416
25562
25653
25681
25803
25919
25976
26190
26503
26533
26779
26822
26847
26965
27097
27221
27343
27362
27615
28044
28301
28308
28327
28426
28596
28607
28658
28680
28846
28873
28908
28919
28921
28944
29060
29219
30003
30109
30306
30409
30528
30663
30735
31006
31253
31327
31474
31855
31936
32501
32798
32836
32869
32986
33117
33197
33213
33652
33741
33856
34425
34602
34734
34737
34761
34968
35110
35151
35368
35402
35454
35528
35887
36118
36245
36275
36291
36491
36635
36844
37242
37883
38201
38221
38844
38977
38990
39119
39188
39300
39352
39356
39659
39806
39882
40092
40233
40483
40891
41115
41141
42087
42329
42433
42440
42512
42556
42806
43876
43940
43962
44084
44161
44252
44312
44440
44724
44782
44839
44875
44876
44877
44913
44964
45005
45047
45196
45425
45442
45584
45810
45970
45994
46126
46149
46266
46387
46585
46651
46664
46684
46872
46923
47002
47146
47201
47245
47365
47405
47456
47482
47521
47549
47626
47675
47831
47893
48063
48111
48465
48639
48890
49151
49219
49228
49536
49699
49761
50128
50424
50645
50683
51271
51359
51410
51425
51531
51598
51970
52079
52101
52483
52550
52624
52806
53435
53610
53880
54074
54326
54330
54369
54778
54887
54902
54921
54948
54993
55051
55107
55127
55133
55450
55503
55984
56118
56321
56536
56826
56845
56954
57393
57535
57854
57927
58206
58281
58294
58788
58820
59113
59210
59356
59376
59409
59609
59685
59761
59851
59860
59920
60296
60372
60412
60489
60522
60926
60968
60993
61121
61249
61324
61422
61602
61814
61960
62250
62328
62589
62751
62833
62943
63016
63366
63528
64048
64173
64298
64616
64770
65162
65346
65478
65524
65601
65609
65754
66008
66015
66032
66178
66204
66226
66369
66902
66921
66999
67205
67232
67420
67423
67498
67616
67860
67899
67913
68156
68218
68227
68704
68807
68996
69338
70022
70346
70462
70910
70976
71024
71362
71373
71597
72048
72396
72433
72447
72831
73146
73308
73354
73539
73644
74087
74476
74599
74949
75033
75275
75448
75487
75515
75733
75924
76099
76101
76290
76306
76459
76812
76826
76885
77189
77558
77653
77789
78162
78304
78306
78735
78844
78845
78878
79368
79456
79656
79854
80046
80059
80082
80206
80251
80339
80450
80508
80797
81012
81366
81557
81634
81907
81923
82437
82814
83143
83376
83425
83601
83676
83774
83902
83940
84041
84051
84801
85160
85452
85935
86213
86252
86674
87145
87337
87362
87692
87844
87993
88328
88720
88791
88807
88821
88922
89086
89380
89980
90014
90033
90692
90918
90966
91074
91768
91810
92662
92683
92972
93424
93506
93875
93940
94084
94244
94368
94561
94795
95522
96012
96049
96453
96536
96797
96827
96928
96954
97030
97047
97462
97495
97926
98206
98494
98903
99016
99115
99702
99795
99858
100011
100015
100212
100260
100865
101223
101241
101769
101902
101999
102065
102715
102755
102807
102966
103139
103416
103473
103593
103780
104189
104230
104580
104595
104614
104627
105201
105247
105458
105467
105592
105721
105724
105733
105910
106072
106250
106313
106361
106395
106582
106629
107093
107177
107217
107550
107572
107919
108032
108097
108356
109391
109683
109752
109838
109945
109950
110109
111222
111639
112383
112414
112444
112740
113171
113770
114348
114587
114861
114946
115243
115830
115870
115990
116138
117007
117817
118267
119572
119870
119991
120060
120119
121123
121910
122886
122972
123074
123095
123972
124685
124739
125629
126569
126650
126893
127126
127514
127912
128076
128799
129184
129440
129480
130448
130585
130994
131183
131536
131848
131927
132198
132878
133475
133938
134550
134723
135187
135477
135478
135659
135913
137463
137809
137862
138141
138326
138373
139028
139218
139243
139519
139877
141087
141693
141926
142617
142943
143021
143373
144129
144286
144364
144714
145001
145072
145393
145666
145848
146052
146340
146564
146734
146892
147236
147565
147592
148011
148107
148177
148241
148501
148680
149297
149520
149645
149720
150054
150158
150177
150452
150633
150731
150952
150998
151210
151373
151637
151872
151892
152209
152629
153118
153134
153743
153899
154875
154883
154944
155167
155303
155325
155360
155518
155526
155742
156197
156228
156547
158193
159031
159283
159692
159771
159849
160619
161667
163065
163192
163225
163837
164366
164625
164744
164856
165096
165160
165510
165979
166149
166337
166346
166481
166746
167595
167963
168200
168433
168576
168951
169514
169523
169837
169857
170736
170986
170993
171289
171527
171637
171774
172272
173124
173210
173906
174287
174771
174820
174890
174925
175028
175093
175112
175214
175437
175487
175490
175539
175586
175672
175686
175890
175906
176125
176139
176188
176205
176206
176266
176460
176611
176687
176835
176861
177162
177185
177223
177262
177305
177401
177449
177485
177702
177921
177970
177972
178075
178132
178172
178191
178343
178406
178443
178445
178447
178465
178592
178683
178784
178832
178902
179037
179110
179323
179443
179502
179647
179648
179787
179977
180094
180121
180178
180187
180201
180238
180285
180406
180483
180666
180736
180753
180769
180952
180973
181099
181148
181153
181177
181294
181343
181388
181519
181534
181538
181578
181601
181612
181656
181659
181793
181986
182061
182120
182295
182541
182592
182625
182645
182778
182782
182869
182957
183022
183085
183250
183253
183351
183451
183466
183531
183593
183672
183783
184010
184146
184339
184391
184399
184427
184465
184793
184972
185013
185119
185134
185263
185400
185437
185550
185562
185674
185969
186227
186365
186462
186542
186563
186580
186750
186799
186810
186838
187031
187191
187314
187748
187929
187958
188017
188197
188250
188355
188382
188412
188577
188629
188641
188685
188708
188724
188893
188938
189019
189045
189058
189088
189154
189305
189347
189658
189754
189826
189861
189946
190209
190211
190333
190368
190489
190759
190775
190862
190943
190982
191084
191136
191302
191360
191384
191414
191437
191554
191602
191636
191679
191732
191774
191785
191788
191820
191901
191917
192009
192024
192399
192423
192503
192668
192911
193051
193159
193265
193293
193297
193311
193380
193516
193545
193587
193626
193628
193788
193821
193910
193914
193926
193979
194020
194082
194197
194584
194700
194728
194769
195013
195165
195389
195688
195846
195861
195881
196456
196513
197495
197597
198837
200156
200639
201370
201525
201589
201755
202785
203237
203540
204318
204391
204771
204807
205169
205236
205545
205876
206311
206643
209089
209282
209520
210159
210209
210212
210459
210532
210626
210777
211264
211267
211444
211485
211574
212576
212871
213223
213301
214152
214514
214757
214915
215008
215285
215779
216042
216521
216569
216907
217151
217457
217516
217895
218167
218236
218339
218425
218536
218891
218922
219439
220516
221373
221857
221903
221948
222587
223228
223255
224110
225180
225712
225955
226027
226040
226757
227039
227182
227432
227481
227869
227981
229296
229545
230289
230588
230640
232135
232203
232363
232374
234108
234414
235792
235913
237048
237201
237329
238836
238858
238932
241164
241321
241593
243063
243463
243687
244331
244416
245539
245792
246192
246924
248543
249165
249778
251485
251989
252092
252648
252757
254425
255487
257686
257788
258265
258994
260433
261055
265297
265332
265814
267163
267999
269103
269606
270032
270481
270508
271036
271124
273314
273965
273985
274220
274473
274982
275665
276405
278370
281201
282882
283291
283602
283734
284149
284605
284722
284726
286713
287438
287546
287861
288948
289457
290364
290832
291116
291119
291169
291963
292685
294122
294511
295034
296974
297756
300622
303347
305631
306575
306860
306919
307047
308221
312518
313622
314453
314813
315051
315074
315172
315301
315320
315873
316307
316333
317759
318439
318679
319076
319099
323642
324150
324159
324505
325041
325097
325156
325281
325548
325561
325687
325916
326053
326663
326751
326918
326957
327327
327393
327817
328311
328357
328931
328943
329120
329181
329410
330067
330843
331403
331494
331839
332055
332069
332186
332633
332756
332819
333007
333506
333681
333687
334031
334200
334321
334493
334595
334732
334879
334915
335093
335370
335391
335428
335483
335866
335948
336837
337131
337319
337332
338025
338135
338292
338329
338418
338437
338508
338665
338791
338831
339023
339138
339524
339664
339801
340039
340380
340863
341137
341152
341829
341830
341896
341945
342587
342783
343263
343735
344203
344894
345227
345834
345914
345966
346387
346707
346946
347111
347243
347693
347999
348500
348999
349270
349486
349517
349710
349731
349846
349885
350325
351172
351394
351574
351659
351680
351693
351799
352269
352309
352652
352678
353440
353885
353993
354035
354070
354225
354337
354970
355185
355856
356023
356070
356402
358005
358682
359201
359332
360862
360989
361554
361793
362464
362998
363107
363338
363601
364072
364087
364298
364486
365785
365893
367184
367675
368880
369007
369536
369560
371012
371294
372280
372581
372606
372775
375443
376725
377951
379334
379698
383514
383902
384416
384854
384911
384938
384954
385021
385040
385094
385157
385195
385235
385257
385377
385660
385698
385792
385798
385822
385849
385853
385914
385932
385963
386082
386231
386346
386437
386446
386495
386851
386885
387066
387238
387321
387328
387578
387644
387648
387658
387840
387968
388371
388548
388570
388589
388872
388944
389188
389383
389767
389769
391949
393724
397902
398436
405266
412564
413010
413301
413809
414454
414623
415521
418659
420081
422541
423864
424820
425092
431226
433414
433789
434465
436639
439785
440474
441489
444678
444757
445878
448429
448444
448790
449201
449489
450261
452737
453265
455174
457461
463313
468543
468547
474156
474715
475394
475524
476584
476827
476871
477027
479246
480262
480613
480657
481079
481134
481147
481669
484652
485922
486105
486395
486454
488658
490269
490710
490799
495343
495623
496520
496715
497641
499353
499446
499998
503514
504962
506121
506279
507753
508472
508966
515163
516048
521212
524644
528728
529265
529893
530920
531532
531954
532888
533691
535587
535953
537038
539544
540533
541195
541504
545092
545944
546046
546076
548274
550757
550826
554282
556628
558680
559760
560301
561441
561718
562842
562969
567810
571810
575250
576275
576943
579612
579687
579796
580247
580320
25
66
95
150
156
176
212
228
247
314
315
360
423
453
468
557
587
766
785
789
1063
1066
1160
1323
1324
1360
1379
1429
1439
1448
1531
1534
1609
1641
1699
1786
1825
1893
1913
1926
1944
1946
1955
2055
2239
2321
2331
2389
2420
2463
2467
2498
2506
2653
2701
2869
3078
3084
3108
3148
3189
3198
3232
3234
3262
3380
3552
3576
3602
3663
3683
3783
3815
3968
4058
4061
4088
4137
4444
4532
4674
4703
4710
4797
4853
4994
4997
4999
5016
5177
5315
5364
5366
5388
5416
5500
5510
5532
5541
5770
5837
5868
5901
6164
6183
6196
6204
6340
6481
6483
6561
6593
6702
6718
6730
6736
6798
6840
6845
6846
6902
6948
6961
6977
6993
7098
7260
7322
7339
7373
7407
7456
7458
7462
7469
7504
7547
7582
7606
7721
7765
7791
7834
7898
7931
7958
7966
8238
8269
8333
8356
8397
8401
8449
8561
8585
8589
8704
8725
8768
8941
8987
9077
9090
9093
9111
9191
9243
9262
9283
9345
9421
9625
9872
9897
9903
9919
9953
9984
10022
10078
10080
10081
10134
10212
10233
10235
10357
10361
10370
10428
10443
10526
10592
10598
10602
10604
10628
10691
10722
10744
10766
10773
10776
10794
10809
10847
10856
10857
10941
10942
11013
11017
11093
11162
11170
11241
11283
11327
11354
11363
11421
11456
11520
11526
11606
11629
11692
11736
11860
11977
11983
12017
12050
12133
12228
12378
12490
12534
12675
12677
12711
12780
12816
12885
12947
12977
13089
13161
13205
13246
13341
13370
13424
13437
13513
13533
13619
13744
13746
13879
14006
14027
14102
14461
14530
14594
14643
14719
14723
14812
14971
15019
15098
15292
15363
15444
15482
15545
15561
15575
15697
15793
15830
15840
15846
16280
16518
16561
16608
16646
16651
16668
16760
16996
17109
17254
17376
17592
17720
17727
17807
17835
17879
17927
18184
18228
18376
18517
18828
18987
19148
19287
19372
19613
19763
19780
19898
19900
19915
19943
20102
20223
20281
20296
20315
20336
20524
20616
20842
20892
21002
21055
21062
21118
21149
21281
21282
21496
21535
21576
21578
21828
22175
22226
22302
22416
22463
22466
22488
22511
22632
22743
22906
23039
23054
23207
23213
23229
23263
23411
23444
23539
23882
23996
24066
24215
24314
24339
24503
24543
24553
24617
24649
24724
24746
24839
24897
24921
25278
25330
25446
25619
25770
25904
25929
25971
26008
26049
26247
26375
26389
26390
26547
26673
26754
26954
27008
27176
27233
27306
27400
27474
27530
27672
27692
27722
27829
28060
28228
28322
28474
28584
28673
28792
28859
28962
29017
29078
29204
29210
29522
29593
30142
30300
30682
31027
31035
31057
31228
31360
31434
31483
31767
31891
32146
32156
32158
32357
32729
32730
32767
32797
33091
33342
33428
33437
33548
33765
33927
33978
34000
34349
34365
34423
34552
34627
34639
34856
34999
35001
35391
36092
36498
36560
36861
36891
36956
37014
37086
37331
37658
37718
38025
38097
38252
38333
38343
38522
38719
38895
38937
38970
39093
39211
39456
39585
39940
39949
39967
40027
40249
40690
40744
40757
40864
40970
40973
41027
41095
41166
41251
41277
41371
41758
41824
42047
42065
42072
42149
42310
42385
42602
42781
42877
42954
42979
43068
43329
43793
43873
44058
44091
44201
44227
44238
44615
44719
44763
44917
44986
44990
45109
45126
45180
45225
45449
45474
45521
45640
45827
46016
46118
46204
46343
46397
46436
46606
46629
46775
46980
47000
47374
47378
47418
47529
47956
48234
48657
48680
48734
48737
48789
48885
49106
49211
49233
49258
49418
49429
49588
49679
49810
49841
50001
50175
50333
50361
50371
50607
50659
50668
50881
51199
51300
51328
51632
51705
51723
51991
52119
52250
52482
52672
52853
52864
53001
53311
53460
53488
53794
53899
53910
53929
53997
54019
54060
54981
54997
55020
55347
55387
55577
55674
55839
55923
55966
56217
56272
56478
56491
56584
56590
56700
56785
56811
56822
56908
56975
56992
57057
57059
57180
57206
57296
57301
57351
57447
57577
57580
57725
58082
58745
58892
58999
59016
59045
59063
59070
59313
59319
59368
59593
59674
59687
59820
59852
59894
60162
60342
60381
60455
60559
60811
61499
61708
61849
62013
62032
62178
62246
62402
62459
62916
62956
63017
63104
63372
63436
63469
63763
63839
63854
63963
64037
64135
64226
64241
64262
64310
64665
64745
64870
65081
65393
65398
65462
65472
65634
65759
65897
66055
66115
66294
66313
66446
66631
66733
66843
67310
67611
67806
67878
68107
68618
68637
68775
68825
68992
69007
69043
69167
69394
70131
70162
70236
70317
70528
70669
70672
70760
70885
71054
71170
71329
71444
71491
71759
71793
71807
72039
72273
72520
72536
72746
72828
72903
72963
72974
73122
73161
73680
73683
73766
73916
73926
73960
74081
74246
74678
74995
75286
75391
75508
75665
75724
76006
76293
76443
76549
76672
76818
77220
77292
77510
77602
77650
77836
78012
78092
78113
78219
78256
78293
78467
78551
78564
78715
78737
79183
79447
79536
79573
79842
79872
79897
80006
80145
80257
80380
80408
80523
80559
80596
81014
81053
81125
81441
81444
81471
81494
81529
81541
81735
81808
81873
81908
82839
83182
83282
83636
84128
84276
84290
84420
84462
84814
84815
84850
85037
85247
85457
85997
86086
86403
86409
86515
86662
86839
86885
86983
87004
87109
87242
87292
87542
87865
87896
88090
88277
88512
88548
88872
89394
89834
90039
90128
90531
90776
90818
90999
91064
91079
91282
91771
91793
92413
92465
92617
92622
92871
93124
93214
93245
93782
93815
93948
94170
94394
94502
94617
94620
94803
94849
94965
95075
95091
95484
95516
95539
95630
95726
95822
96379
96391
96579
96682
96806
96998
97283
97320
98019
98672
98749
98845
98906
98931
98939
99079
99152
99323
99327
99480
99555
99813
100168
100171
100428
100466
100608
100689
100698
101161
101188
101630
101637
102102
102172
102245
102586
102650
102848
102875
103073
103127
103217
103274
103393
103484
103590
103679
103817
103873
104156
104454
104620
104785
104902
105173
105272
105396
105445
105460
105891
105926
106202
106518
106524
106550
106804
106873
107009
107103
107331
107389
107447
107586
107968
108162
108279
108376
108432
108488
108512
108663
108675
109181
109210
109666
109753
109790
109984
110037
110501
110735
110900
110935
111043
111093
111265
111307
111367
111443
111513
112442
112884
113039
113392
113612
113676
113738
113823
114772
115155
115159
115280
115318
115363
115561
115567
115700
115943
116058
116235
116418
117453
117788
117792
117998
118027
118275
118795
118852
118874
119026
119364
119746
119839
119847
119855
120227
120391
120663
120914
122854
122966
123156
123359
123518
123602
123719
123729
124358
125114
125312
125631
125696
126056
126057
126094
126124
126185
126228
126618
126699
126718
126721
126793
126880
127024
127101
127124
127242
127332
127731
127792
128091
128101
128203
128222
128394
128900
128942
129078
129119
129163
129333
129890
130049
130552
130820
131058
131062
131255
131398
131432
131934
131970
132933
133049
133217
133590
133634
133780
133807
133820
133862
134859
134870
135269
135740
135786
135836
135864
135900
136097
136255
136427
136575
136624
136993
137866
138080
138130
138643
138876
139085
139100
139199
139290
139304
139310
139708
139742
139967
140152
140378
140859
140968
140984
141049
141148
141646
141704
142190
142605
142744
143049
143474
143613
144055
144343
144428
144473
144972
145067
145260
145589
145803
146324
146861
147017
147642
147960
148474
149162
149253
149577
149682
149752
149894
150005
150052
150216
150412
150482
150613
150831
151403
151432
153229
153377
153394
153411
153448
154563
155171
155179
155552
155839
156100
156130
156199
156230
156323
156608
156654
156783
157247
157411
157495
157799
158894
158954
159069
159119
159435
159616
159619
159919
160019
160282
160779
161297
161320
161339
161451
161580
161676
161822
162040
162699
163208
163485
163665
163923
164160
164649
164698
165497
165715
166495
167109
167318
167418
167877
168097
168329
168714
168749
168861
169234
169273
169352
169561
170519
170557
170560
170768
171097
171286
171554
171625
172262
172527
172710
172774
172910
173172
173362
173452
173540
173545
173655
174434
174455
174738
174754
174907
174960
175011
175041
175201
175250
175474
175685
176039
176138
176187
176220
176576
176620
176874
177096
177188
177226
177254
177273
177421
177498
177606
177694
177742
177836
177859
177876
177900
177908
178127
178145
178291
178359
178449
178624
178774
178792
178804
178834
178880
178915
178990
179011
179067
179109
179127
179178
179273
179343
179470
179611
179650
179703
179834
179889
179891
179949
180110
180119
180133
180199
180388
180439
180498
180585
180824
180878
181110
181202
181230
181390
181800
181846
181968
182113
182321
182340
182502
182571
182861
183036
183274
183284
183310
183492
183512
183547
183664
183684
183699
183826
183837
183838
183883
183956
184022
184047
184101
184213
184259
184353
184457
184563
184751
184760
184901
185235
185238
185368
185533
185556
185557
185614
185917
185961
186062
186099
186157
186322
186414
186466
186515
186530
186668
187022
187249
187351
187792
187842
187906
187918
188028
188162
188261
188269
188405
188415
188521
188597
188811
189001
189027
189177
189194
189373
189560
189755
190006
190194
190293
190575
191129
191235
191354
191489
191564
191599
191684
191704
191730
191735
191811
191858
192015
192234
192264
192273
192305
192381
192563
192593
192669
192681
192739
192880
192946
192958
192998
193028
193165
193166
193260
193424
193520
193599
193710
193738
193782
193850
193888
193992
194003
194059
194090
194249
194306
194339
194349
194354
194412
194471
194474
194483
194786
194843
194953
195090
195095
195266
195469
195493
195508
195597
195614
195680
195704
195729
195745
195755
195783
195818
195824
195839
195842
196029
196392
196423
196519
196658
196781
196958
197099
197213
197949
198411
198635
198943
199244
199260
199551
200015
200236
200311
200463
201151
201706
202580
202681
203242
203766
203793
203837
203861
203886
203894
203911
203992
204013
204906
205744
205878
205973
206015
206284
206549
206587
206617
206920
206941
207743
208020
208239
208763
209376
209886
210270
210398
210641
210855
211143
211946
212134
212460
212467
212497
212597
212663
212762
212830
212853
213113
213389
213569
213593
213634
213834
213938
213946
214401
214871
214949
214995
215538
215540
215782
215989
216137
216381
216541
216613
216905
216932
217001
217730
217733
217825
218395
219000
219042
219503
219547
220087
220123
220220
220271
220357
220955
221012
221035
221160
221565
221585
221590
222213
222538
222699
224341
224986
225008
225331
225742
225778
225904
225909
226428
227016
227209
227293
227483
227796
227910
228145
228372
228442
229092
229255
229308
229890
230291
230311
230389
230613
231295
231324
232434
232484
233399
234056
235248
235315
235441
236488
236701
236869
237351
237588
237937
237970
238052
238585
239231
239365
239387
239589
239745
240096
240152
240282
240329
240529
240949
242611
242700
242930
243147
243318
243352
243457
243888
243990
244207
244256
244509
245991
246144
246543
246800
246840
247560
247799
247819
247961
248171
248180
248531
248544
248591
248750
248949
249153
249298
249617
250385
250438
250758
250900
251766
252093
252365
252524
252664
253153
253185
253559
253834
253873
254500
254637
255211
255332
255472
255956
256085
256152
256314
256351
256707
256810
257445
258032
260465
261247
261700
262024
262850
263191
264188
264483
264715
265048
265534
265679
265755
266353
266613
267269
268801
268895
269544
269729
270340
270396
270671
270817
271046
272851
274147
275266
276103
276619
276644
276988
277458
277553
278290
278504
279106
279120
279168
279862
280333
281054
282544
284812
284923
286612
287191
287867
287907
288163
288284
289448
289659
289816
290052
290056
291112
292207
292284
293521
293661
293774
294200
294525
294671
294682
295324
296543
296757
297229
297479
298050
298132
298565
298714
298886
299482
300120
300675
300679
301162
301882
302789
303128
303487
303721
305359
305423
305768
306045
307230
307330
307524
307808
308400
308922
309085
309099
309694
309749
314075
314282
314301
314493
314869
315029
315187
315293
315529
315587
315807
316365
317884
317928
323843
324131
324171
324367
324416
324488
324895
324924
324979
325038
325073
325130
325368
325653
325739
325778
325930
325936
326042
326365
326411
326525
326654
326852
326893
326910
327038
327059
327458
327627
327630
327773
327893
327941
327976
328043
328065
328210
328686
328859
329101
329179
329311
329323
329546
329568
329918
330118
330162
330649
330820
331001
331121
331243
331706
331734
332073
332088
332129
332303
332658
332675
332986
333175
333383
333893
333923
333986
334210
334573
334623
334763
335432
335476
335487
335756
336405
336511
336681
336846
336891
336954
337127
337143
337242
337326
337459
337949
338039
338171
338178
338200
338231
338294
338507
338594
338636
338957
339030
339040
339261
340342
340531
340699
340818
340925
341184
341225
341234
341547
341832
341981
342088
342189
342258
342727
343017
343097
343100
343369
343682
343842
343845
343860
343998
344020
344320
344349
344357
344752
344776
344888
344892
345047
345249
345370
345881
345969
346096
346246
346272
346527
346561
346861
347216
347272
347284
347287
347366
347426
348006
348042
348174
348188
348317
348350
348788
348880
349152
349206
349217
349460
349543
349726
349792
350171
350196
350251
350263
350496
350634
350865
350905
351024
351030
351490
351551
351560
351562
351605
351772
351960
352103
352123
352139
352189
352273
353272
353658
353706
354200
354304
354394
354495
354596
355057
355577
355681
355693
355907
356064
356365
356602
356782
357100
357204
357878
358308
358324
358325
358440
358545
358760
358943
359119
359349
359864
359975
360050
360286
360434
360437
360482
360501
360788
361345
361527
361985
362006
362018
362516
362636
362910
362989
363065
363074
363319
363371
363471
363487
363773
363787
364145
364312
364401
364411
364761
365175
365182
365187
365414
365729
365906
365970
366672
366958
367121
367205
367585
367856
368191
368349
368590
368611
368876
369405
369670
369823
369865
369923
370016
370289
370415
370498
370516
370546
370555
371389
371668
371754
371824
371861
371875
372358
372531
372614
372703
372755
372800
373577
373828
373868
374119
377400
379305
380007
380336
380979
381439
382606
382852
383497
383740
384996
385001
385009
385104
385106
385153
385229
385277
385296
385305
385336
385414
385473
385480
385503
385574
385588
385695
385703
385726
385867
385898
385974
386014
386015
386097
386118
386425
386478
386498
386499
386612
386725
386787
386809
387009
387073
387183
387191
387308
387366
387536
388039
388244
388284
388331
388491
388931
389047
389196
389244
389469
389498
390919
390961
398490
402535
412222
413302
414112
414252
414742
415907
416092
418887
421318
421581
422794
423100
423570
425250
425781
425919
426723
427670
428769
431257
432110
433792
433939
436641
440013
440963
444401
448187
448254
448675
448846
449192
449854
452412
452874
454512
454631
455578
457750
458464
462924
466745
467999
474267
474681
474828
475037
475223
475333
475781
475890
475945
476362
477536
477542
478070
479750
479763
479961
481027
481054
481070
481312
481745
481793
482359
482454
482873
483555
483611
484089
485277
485384
486066
486829
487101
490380
493399
493860
493915
493936
494101
494395
495129
495143
496667
497050
497103
497320
497432
497546
497620
497895
498178
498871
499402
499525
500216
500374
500720
500868
504444
506324
507703
507893
508772
508853
508893
511327
512158
512681
512731
515034
516783
521345
522076
525684
525883
526017
526404
528194
528730
528914
529066
529187
530775
532437
532918
536502
536886
537369
537453
537496
537784
539859
541414
541505
542209
544969
545305
547756
548849
549436
552170
552260
552542
556235
556727
557233
557618
558590
558668
560347
562586
563096
563911
564586
565105
570640
570885
570893
573252
576458
579660
579661
579780
579835
579839
579983
51
76
159
175
284
290
330
357
382
406
417
418
440
472
492
550
558
682
716
772
836
852
887
944
946
970
1023
1027
1044
1075
1086
1101
1127
1171
1229
1247
1269
1318
1335
1340
1345
1382
1386
1415
1441
1450
1487
1548
1550
1551
1575
1579
1594
1610
1674
1736
1769
1798
1813
1827
1910
1963
1968
1972
2001
2025
2030
2037
2047
2049
2091
2202
2220
2306
2414
2483
2553
2590
2617
2624
2626
2657
2658
2665
2724
2753
2757
2762
2763
2766
2787
2790
2799
2846
2883
2891
2923
2978
2994
3014
3064
3106
3111
3174
3196
3211
3242
3307
3314
3347
3355
3364
3393
3426
3467
3516
3523
3548
3565
3592
3594
3612
3624
3640
3650
3667
3669
3676
3682
3740
3758
3759
3779
3803
3806
3823
3847
3860
3882
3889
3966
3972
3996
4130
4158
4160
4169
4223
4234
4250
4279
4307
4309
4376
4448
4524
4642
4682
4735
4753
4755
4756
4777
4799
4893
4917
4968
5009
5015
5083
5109
5183
5193
5195
5245
5254
5259
5272
5294
5319
5329
5331
5375
5395
5396
5435
5441
5454
5517
5538
5544
5584
5663
5667
5727
5772
5849
5855
5873
5963
5980
5981
6021
6028
6077
6078
6082
6084
6117
6123
6144
6252
6294
6298
6312
6314
6381
6396
6441
6463
6472
6475
6497
6547
6596
6640
6646
6647
6669
6713
6724
6748
6780
6796
6799
6811
6999
7057
7085
7120
7165
7202
7217
7224
7249
7270
7301
7314
7319
7345
7371
7408
7423
7434
7494
7495
7505
7511
7570
7573
7621
7631
7672
7739
7745
7750
7779
7786
7794
7804
7866
7923
7978
7992
7998
8032
8054
8080
8098
8138
8156
8176
8224
8240
8262
8275
8279
8310
8428
8484
8543
8548
8551
8581
8637
8731
8760
8761
8767
8809
8821
8832
8841
8893
8948
8976
8978
9049
9052
9095
9158
9164
9170
9186
9233
9252
9263
9367
9382
9383
9469
9472
9482
9610
9612
9649
9749
9773
9809
9823
9834
9841
9849
9859
9890
9921
9983
10026
10064
10119
10145
10213
10230
10261
10296
10297
10384
10436
10445
10482
10510
10568
10570
10578
10581
10582
10585
10614
10616
10656
10678
10703
10757
10774
10779
10828
10859
10907
10910
10911
10921
10930
10932
10991
11011
11046
11059
11081
11144
11248
11265
11285
11295
11309
11319
11346
11353
11374
11387
11394
11413
11415
11425
11471
11517
11586
11602
11604
11663
11685
11806
11833
11891
11902
11940
11941
11956
11989
12002
12024
12053
12110
12111
12147
12171
12174
12188
12191
12198
12208
12259
12301
12307
12333
12348
12380
12392
12405
12437
12439
12456
12482
12538
12549
12555
12563
12615
12621
12660
12709
12719
12737
12776
12789
12799
12809
12848
12853
12861
12863
12866
12871
12874
12986
13024
13095
13214
13227
13301
13346
13355
13358
13384
13390
13415
13507
13543
13550
13625
13645
13705
13711
13737
13747
13760
13791
14019
14071
14110
14152
14241
14284
14367
14380
14426
14510
14898
14902
14939
15100
15136
15141
15185
15217
15411
15509
15627
15708
15816
15858
15885
15980
16011
16112
16153
16173
16175
16402
16600
16657
16753
16784
16839
17013
17087
17179
17184
17197
17245
17272
17374
17424
17425
17492
17690
17713
17901
17902
18090
18306
18394
18665
18754
18779
18952
19034
19463
19482
19644
19718
19745
19773
19795
19807
19998
20058
20164
20235
20284
20323
20388
20397
20447
20584
20648
20737
21048
21073
21092
21126
21219
21269
21456
21546
21645
21735
21789
21859
21903
21917
21923
21984
22111
22157
22233
22359
22363
22370
22372
22555
22578
22870
23022
23055
23272
23297
23335
23650
23679
23760
23763
23781
23829
23871
23989
24031
24035
24064
24107
24312
24331
24627
24648
24890
25025
25062
25114
25146
25184
25404
25468
25524
25664
25697
25699
25789
25831
25908
26027
26041
26046
26055
26106
26233
26332
26339
26382
26383
26579
26586
26878
26898
27040
27045
27162
27208
27231
27278
27383
27419
27447
27558
27584
27665
27771
27787
27831
27867
27906
27907
28280
28369
28395
28425
28439
28467
28495
28505
28647
28738
28758
28965
29027
29116
29119
29454
29514
29603
29684
30014
30130
30271
30346
30411
30717
30758
30886
31102
31148
31304
31392
31451
31457
31528
31564
31584
31691
31749
31751
31771
31775
31906
32276
32584
32622
32640
32732
32983
33158
33202
33267
33455
33544
33618
33626
33862
34018
34527
34614
34711
34963
35027
35136
35209
35349
35548
35733
35745
35847
35857
35978
36038
36043
36113
36343
36728
36812
36881
36938
37097
37143
37153
37338
37363
37643
37694
37918
38112
38363
38585
38932
38944
39171
39232
39294
39339
39606
39935
39950
40021
40074
40295
40402
40462
40499
40504
40521
40683
40798
40908
41067
41403
41604
41607
41664
41705
41778
41974
42083
42187
42292
42489
42494
42575
42699
42880
42919
42928
42999
43090
43223
43337
43354
43416
43418
43441
43471
43472
43522
43900
43959
43987
44039
44081
44150
44202
44401
44627
44930
44943
44991
45078
45322
45394
45518
45659
45822
46023
46026
46152
46177
46203
46505
46507
46525
46614
46797
47286
47400
47422
47499
47540
47570
47582
47590
47592
47732
47793
47973
48156
48252
48261
48280
48301
48393
48457
48490
48554
48681
48686
48688
48813
48859
48920
49164
49372
49447
49473
49606
49665
49917
50060
50345
50616
50620
50678
50875
50905
51107
51268
51383
51905
51979
52071
52126
52229
52338
52362
52366
52463
52731
52889
52898
52960
52992
53027
53093
53178
53484
53877
53920
53949
54103
54206
54421
54462
54627
54634
54672
54830
54851
54884
54905
54945
55044
55103
55147
55252
55274
55432
55519
55632
55639
55651
55660
55905
55958
55969
56140
56208
56233
56239
56253
56786
56942
56957
57071
57369
57375
57396
57399
57650
57684
57904
57940
58021
58074
58141
58151
58161
58217
58421
58555
58619
58681
58783
58825
59152
59190
59192
59342
59364
59410
59433
59702
59877
59890
60078
60183
60188
60252
60258
60534
60620
60754
60778
61088
61323
61333
61376
61379
61425
61451
61532
61683
61769
61833
61852
61905
62083
62120
62379
62700
62707
62745
62780
62917
63176
63198
63230
63244
63248
63378
63492
63627
63842
63889
63971
63994
64000
64172
64184
64240
64533
64578
65492
65522
65723
65823
65898
65899
66164
66197
66443
66600
66602
66606
66722
66937
66954
67025
67190
67294
67297
67391
67539
67543
67664
67728
67823
67826
68123
68471
68554
68631
68673
68677
68876
69010
69169
69172
69241
69321
69437
69741
69811
69857
69920
70101
70132
70213
70341
70351
70534
70535
70559
70785
70850
70989
71039
71150
71167
71192
71420
71421
71516
71525
71701
71757
71916
71923
72101
72160
72458
72553
72616
72631
72713
73423
73583
73640
73757
74070
74267
74359
74399
74627
74637
74888
74911
75093
75135
75178
75353
75379
75574
75797
75827
75835
75958
76020
76054
76218
76641
76669
76921
77003
77251
77858
78005
78046
78048
78068
78080
78207
78227
78414
78511
78569
78578
78764
79579
79610
80181
80273
80471
80548
80741
80767
80827
81023
81071
81158
81391
81429
81534
81825
81837
81849
81921
82006
82134
82395
82443
82603
82683
82758
83369
83508
83734
83830
83879
83929
83982
84044
84068
84209
84328
84452
84484
84883
85158
85622
85816
86111
86131
86245
86293
86349
86592
86717
86723
86823
86836
87125
87226
87255
87349
87392
87584
87659
87706
88261
88645
88661
88780
88848
88927
89049
89139
89324
89620
89899
90097
90163
90199
90218
90565
90885
91194
91249
91373
91655
91725
91819
91876
92209
92416
92479
92555
92654
93078
93259
93280
93336
93361
93650
93788
94162
94226
94564
94637
94664
94726
94808
94949
95001
95214
95384
95454
95724
95806
96213
96309
96361
96423
96505
96647
96688
96784
96823
96867
96972
97105
97552
97573
97839
97861
98332
98643
98853
98890
98970
99056
99454
99677
99706
99758
100033
100235
100310
100637
101117
101152
101169
101234
101434
101699
101787
101808
102171
102259
102315
102591
102784
103053
103118
103662
103718
103768
103797
103802
103806
103836
103847
103975
104346
104552
104707
105035
105087
105155
105801
105866
105884
106144
106413
106425
106450
106610
106655
106658
107369
107564
107675
107706
107740
108210
108344
108368
108572
108587
109003
109059
109151
109762
109878
109907
110093
110195
110286
110715
110731
110743
110783
110789
110967
110977
111057
111121
111153
111220
111228
111607
111627
111866
111941
112110
112116
112135
112184
112275
112398
112406
112438
112642
112691
112741
113144
113378
113397
113687
113802
113843
114037
114302
114605
114615
114790
114999
115110
115187
115285
115334
115367
115461
115477
115530
116265
116415
116430
116674
116971
117056
117324
117356
117615
117624
117707
117767
118352
118357
118447
118966
119109
119197
119474
119564
119762
119857
120013
120170
120466
120678
120887
121509
121601
122248
122353
122591
122959
123463
123732
123866
123876
123923
124069
124093
124185
124280
124322
125148
125412
125509
125765
125905
125943
126061
126181
126332
126507
126550
126576
126779
126836
126857
126970
127162
127194
127226
127238
127348
127459
127656
127660
127774
127781
127993
128040
128047
128082
128098
128325
128580
128704
128907
128974
129140
129205
129677
129719
129720
130468
130914
131119
131128
131769
131778
131912
132169
132268
132302
132742
132930
133052
133107
133286
133465
133496
133503
133531
133961
134014
134151
134376
134432
134460
134570
134661
134838
134858
134932
135145
135201
135316
135458
135509
135644
135833
136073
136101
136264
136357
136418
136750
136780
137271
137325
137951
137996
138091
138126
138221
138370
138494
138768
138785
138878
138883
138902
139239
139343
139768
140100
140148
140209
140413
140427
140648
140761
140807
140818
141038
141458
141531
141692
141867
142423
142488
142771
142913
142933
142984
143007
143134
143153
143170
143384
143772
143823
144358
144599
144907
145039
145200
145296
145700
146161
146335
146589
146934
147118
147158
147175
147188
147231
147284
147384
147841
147884
148173
148185
148441
148577
149010
149560
149586
149657
149732
149774
149942
150040
150056
150353
150391
150446
150554
150564
150804
151043
151636
151763
151782
151811
151915
152062
152150
152192
152250
152358
152511
152796
152954
153035
153465
153511
153520
153600
153607
153646
153718
153891
154016
154317
154322
154704
154739
154906
154966
155231
155344
155458
155585
155861
155873
156076
156410
156642
156813
156908
156928
157353
158092
158133
158275
158570
158768
158880
158945
158964
159198
159479
159930
160159
160429
160637
160868
160966
161021
161408
161760
161937
162080
162084
162176
162354
162428
162548
162587
162646
162657
162805
162875
163227
163339
163960
164269
164306
164549
164955
164962
164995
165203
165371
165663
165664
165844
165907
166230
166405
166529
166826
166845
167086
167257
167285
167438
167445
167501
167916
167940
168611
168668
169244
169587
169758
169876
169977
170242
170404
170625
170641
170783
170995
171423
171607
172346
172766
172887
173005
173048
173063
173222
173369
173425
173650
173673
173880
173955
173976
174039
174689
174705
174740
174760
174788
174794
174814
174864
174872
174893
174953
174961
174979
175039
175131
175180
175315
175513
175532
175547
175564
175568
175628
175736
175738
175767
175789
175822
175908
176061
176282
176319
176376
176379
176405
176448
176602
176752
176773
176778
176830
176878
176916
176964
177008
177115
177195
177227
177296
177299
177369
177374
177607
177659
177668
177911
177928
177940
178001
178016
178092
178189
178251
178274
178385
178438
178476
178489
178527
178552
178577
178623
178692
178798
178809
178842
178892
178928
178992
179033
179070
179071
179086
179105
179138
179168
179193
179607
179680
179747
179761
179802
179827
179838
180077
180179
180225
180264
180281
180372
180374
180462
180466
180477
180510
180533
180670
180681
180695
180735
180738
180749
180759
180768
180791
180794
180829
180839
180859
180986
181286
181297
181361
181495
181521
181527
181549
181630
181750
181756
181822
181855
181870
181877
181915
181947
181959
182138
182167
182181
182255
182268
182319
182527
182714
182773
182794
182973
182980
182984
183010
183058
183086
183112
183146
183151
183196
183241
183357
183431
183509
183519
183594
183658
183675
183687
183693
183723
183755
183793
183850
183862
183941
183961
184021
184196
184253
184280
184307
184420
184495
184507
184582
184616
184617
184743
184769
184780
184868
184878
184888
184891
184967
185008
185035
185076
185099
185112
185127
185135
185136
185141
185205
185298
185363
185385
185569
185612
185626
185627
185629
185634
185827
185842
185853
185898
186040
186207
186234
186294
186311
186329
186408
186561
186608
186718
186722
186759
186777
186801
186809
187246
187382
187428
187486
187528
187561
187648
187775
187777
187820
187828
187897
187934
187960
187972
188213
188230
188290
188392
188451
188571
188649
188785
188826
188944
188986
189067
189157
189207
189242
189246
189298
189306
189455
189500
189508
189514
189669
189694
189707
189713
189729
189731
189914
189940
189989
190021
190034
190036
190065
190142
190157
190198
190266
190335
190415
190425
190472
190594
190645
190839
190871
190889
190926
191057
191099
191105
191131
191167
191186
191303
191330
191333
191367
191388
191403
191404
191408
191417
191419
191441
191461
191472
191501
191526
191560
191593
191617
191682
191692
191693
191760
191842
191847
191854
191905
191927
191946
192004
192052
192068
192104
192124
192173
192218
192246
192275
192345
192355
192380
192488
192516
192528
192555
192596
192699
192701
192712
192749
192751
192778
192797
192815
192859
192866
192902
192914
192915
192959
193060
193062
193071
193072
193075
193086
193095
193112
193123
193186
193193
193196
193220
193254
193256
193308
193323
193385
193399
193454
193460
193478
193493
193497
193539
193540
193549
193568
193573
193584
193642
193655
193666
193678
193758
193806
193815
193859
193898
193928
194037
194078
194085
194122
194130
194161
194174
194201
194308
194325
194345
194357
194366
194426
194445
194508
194548
194549
194579
194586
194603
194645
194695
194703
194725
194778
194801
194809
194853
194891
194900
194931
194958
194987
194991
195020
195038
195054
195091
195102
195126
195194
195195
195209
195303
195317
195368
195371
195415
195485
195486
195511
195562
195616
195635
195672
195673
195711
195722
195744
195805
195832
195855
195875
195885
195938
196080
196161
196201
196270
196461
196489
196826
196827
196978
197022
197087
197130
197553
197887
197904
198420
198500
198523
199020
199146
199353
199496
199618
199904
199920
200529
200603
200715
200794
200922
200995
201029
201043
201237
201246
201722
201960
201963
202294
202549
202657
202732
202915
203261
203272
203580
203897
203978
204538
204591
204918
205124
205251
205284
205289
205315
205320
205365
205439
205637
205885
205921
205955
206550
206566
207151
207306
207595
207772
208023
208072
208399
209027
209029
209253
209369
209455
209554
209611
209624
209765
209847
210256
210303
210382
210710
210995
211313
211366
211433
211499
211700
211746
211853
211884
211981
212501
212633
212754
212938
212969
213228
213699
213781
214344
214366
214423
214555
214717
214961
215087
215182
215255
215404
215533
215809
216100
217268
217281
217483
217588
217726
217857
218012
218680
218977
219036
219372
219891
219956
220144
220298
220309
220381
220523
220552
220567
220605
220647
220712
221071
221179
221524
221783
221814
222074
222501
222703
222949
222962
222964
222982
223103
223840
223869
224164
224964
225186
225927
225945
226045
226466
226624
226817
226823
227048
227265
227719
227799
228137
228176
228544
228595
229403
229442
229452
229596
229759
229822
230521
230932
231107
231470
232584
232718
232764
233030
233076
233471
233545
233893
234132
234142
234248
234274
234314
234569
234577
234943
236162
236737
236808
236845
237301
237778
237836
237923
238135
238685
238830
238887
239030
239575
239752
240173
240232
240989
241047
241684
242651
242740
243395
243760
244384
245588
245695
245912
246152
246296
246799
246915
247015
247082
248820
249213
249411
249677
249746
249827
249841
250217
250275
250372
250448
250522
251408
251444
251542
251857
251982
251990
252274
252318
252530
252977
252995
253454
253556
253615
253670
253673
253980
253994
254025
254438
254475
254518
254532
255088
255249
255868
256941
257287
257633
257974
258017
258085
258383
259644
260401
260416
261605
261797
261961
262180
262270
262360
262415
262484
262581
262727
263077
263918
264125
264539
264703
264769
264773
264841
264877
265391
266329
266698
267333
267457
267595
267940
268033
268463
268572
268618
268841
269098
269303
269600
269633
269843
269990
270345
271310
271356
272212
272341
272712
272758
273177
273936
274378
275070
275351
275916
275950
276088
276090
276286
277042
277089
277694
278083
278518
278614
278687
278811
278815
279268
279623
279640
280084
281170
281876
281918
282378
282784
282990
283290
284059
284175
284192
284248
284309
284426
284990
285279
286214
286633
286921
287252
287322
287964
288008
288142
288204
288336
288587
288789
289245
289889
290609
290951
291281
291386
292197
293151
293786
293810
294080
295065
296119
296450
297012
297234
297375
297417
297515
298634
298909
299141
299699
300640
301013
301439
304541
304749
304900
304959
305593
306392
306477
306926
307386
307617
308282
308527
309272
313111
313467
313535
313959
314133
314243
314463
314566
314747
314810
315100
315129
315379
315381
315649
315882
315905
316039
316231
316382
316401
316608
316734
316747
316853
316971
317290
317587
317856
317988
318153
323602
323852
324084
324277
324315
324681
324837
324950
325198
325273
325307
325510
325571
325678
325805
326027
326169
326186
326237
326292
326386
326461
326777
326788
326880
327221
327299
327510
327970
327993
328016
328400
328805
328933
329022
329180
329282
329869
329956
329980
330234
330309
330332
330443
330447
330532
330773
330867
331167
331395
331471
331579
331606
331776
331788
331912
331995
332002
332137
332189
332697
332852
333063
333250
333251
333276
333327
333732
333807
333951
334366
334512
334561
334843
335172
335192
335448
335775
335842
336232
336238
336360
336380
336482
336636
336754
336812
336906
336973
337049
337286
337388
337421
337486
337490
337937
338274
338366
338427
338943
339422
339851
339910
340089
340152
340276
340298
340610
340937
341268
341336
341528
341556
341819
342564
342583
342604
342901
342923
342925
342984
343095
343129
343133
343168
343174
343180
343182
343193
343206
343225
343239
343254
343262
343267
343285
343340
343342
343346
343360
343366
343373
343377
343391
343393
343411
343414
343429
343447
343453
343468
343478
343486
343488
343497
343526
343542
343545
343623
343628
343632
343637
343681
343695
343718
343795
343822
343834
343858
343859
343869
343874
343883
343885
343903
343920
343938
343947
343956
343991
344007
344011
344035
344098
344125
344143
344163
344165
344187
344195
344207
344227
344261
344264
344271
344291
344323
344328
344368
344385
344416
344447
344458
344466
344471
344496
344533
344538
344583
344586
344588
344599
344609
344621
344632
344686
344709
344756
344760
344764
344774
344779
344786
344799
344804
344812
344825
344847
344851
344925
344927
344938
344939
344977
344985
345009
345045
345060
345100
345111
345204
345209
345240
345268
345288
345295
345297
345342
345345
345432
345448
345469
345542
345586
345612
345615
345617
345644
345656
345671
345743
345747
345758
345786
345795
345821
345823
345837
345865
345866
345867
345872
345900
345964
345976
346016
346035
346075
346077
346090
346115
346181
346191
346297
346331
346347
346355
346379
346415
346426
346443
346452
346504
346506
346509
346545
346611
346620
346677
346681
346752
346754
346755
346774
346787
346789
346802
346816
346862
346874
346878
346921
346943
346970
346976
346986
347048
347049
347107
347123
347145
347189
347229
347251
347309
347386
347469
347550
347577
347590
347607
347724
347736
347742
347743
347817
347848
347862
347877
347900
347911
347912
347913
347919
347928
347935
347951
347967
348064
348190
348236
348253
348257
348265
348271
348292
348297
348310
348315
348320
348341
348428
348433
348437
348454
348503
348523
348525
348577
348581
348588
348600
348614
348621
348638
348644
348673
348679
348702
348719
348722
348748
348768
348787
348797
348803
348850
348910
348933
348947
348968
349017
349079
349092
349140
349192
349195
349272
349295
349310
349311
349318
349369
349377
349402
349429
349506
349523
349596
349601
349613
349647
349656
349663
349740
349745
349748
349750
349764
349825
349844
349856
349857
349861
349882
349890
349912
349928
349949
349973
349989
350079
350086
350128
350166
350205
350211
350245
350307
350341
350367
350386
350405
350406
350435
350466
350476
350481
350523
350530
350540
350575
350582
350585
350595
350601
350618
350636
350656
350662
350666
350670
350681
350699
350707
350753
350770
350784
350833
350903
350986
351040
351056
351071
351083
351103
351121
351130
351163
351164
351171
351176
351197
351223
351224
351259
351289
351307
351340
351353
351364
351367
351380
351439
351466
351484
351496
351518
351567
351587
351666
351674
351678
351771
351791
351818
351827
351852
351882
351884
351890
351901
351904
351933
351955
351985
352086
352094
352213
352218
352220
352221
352225
352250
352265
352281
352299
352321
352351
352408
352462
352465
352483
352519
352541
352569
352572
352580
352611
352637
352723
352731
352763
352782
352859
352863
352882
352893
352901
352907
352918
352980
352992
353001
353038
353070
353142
353222
353246
353286
353318
353356
353364
353380
353429
353469
353479
353487
353492
353522
353539
353553
353559
353572
353625
353626
353691
353782
353787
353839
354015
354057
354091
354116
354154
354165
354217
354257
354281
354313
354339
354346
354432
354441
354471
354502
354550
354557
354562
354566
354569
354582
354593
354607
354618
354619
354697
354777
354793
354876
354888
354939
354947
354951
355027
355065
355067
355069
355074
355090
355113
355145
355178
355183
355323
355328
355347
355404
355416
355434
355593
355599
355634
355674
355692
355841
356000
356020
356135
356138
356147
356207
356208
356238
356239
356249
356254
356276
356354
356498
356503
356508
356525
356528
356547
356549
356566
356580
356610
356647
356665
356672
356697
356758
356764
356765
356799
356802
356838
356874
356931
357008
357130
357137
357150
357159
357181
357231
357244
357306
357308
357336
357368
357385
357396
357437
357499
357519
357532
357543
357553
357620
357631
357637
357697
357746
357750
357753
357756
357766
357774
357845
357888
357895
357936
357947
357963
358056
358076
358079
358094
358159
358182
358184
358207
358215
358216
358237
358254
358273
358354
358372
358421
358519
358610
358791
358806
358840
358845
358878
358882
358895
358904
358906
358948
358975
358986
359008
359087
359115
359125
359127
359279
359287
359293
359316
359375
359381
359428
359446
359535
359537
359595
359599
359661
359705
359715
359738
359790
359907
359915
359943
359977
359988
360001
360095
360189
360204
360229
360284
360285
360357
360365
360407
360474
360489
360537
360551
360620
360648
360651
360693
360764
360767
360797
360802
360804
360830
360908
360998
361043
361087
361166
361181
361216
361300
361377
361409
361428
361496
361660
361671
361680
361695
361703
361727
361730
361771
361773
361788
361984
362019
362021
362057
362114
362179
362185
362220
362231
362247
362357
362380
362412
362414
362415
362515
362527
362529
362533
362538
362540
362582
362655
362701
362709
362821
362869
362874
362922
362945
362960
362978
363025
363060
363067
363162
363177
363222
363261
363275
363276
363278
363316
363329
363354
363370
363442
363529
363556
363565
363588
363648
363661
363685
363727
363734
363753
363763
363803
363857
363869
363980
363982
363984
364027
364033
364075
364089
364093
364114
364155
364158
364170
364301
364344
364358
364362
364413
364527
364546
364563
364634
364688
364727
364759
364841
364845
364873
364897
364898
364926
364938
365041
365051
365052
365113
365117
365145
365245
365248
365266
365334
365349
365350
365385
365426
365435
365439
365473
365549
365550
365565
365611
365618
365703
365727
365761
365789
365810
365862
365890
365941
366014
366069
366106
366116
366117
366129
366168
366171
366239
366253
366292
366352
366377
366411
366438
366460
366483
366492
366527
366544
366593
366613
366638
366675
366731
366747
366763
366795
366803
366805
366812
366830
366876
366884
366913
366921
366941
366948
366950
366968
367023
367188
367270
367301
367308
367386
367390
367391
367401
367402
367410
367418
367538
367571
367575
367589
367596
367631
367633
367641
367663
367697
367707
367731
367762
367789
367801
367839
367872
367921
367965
367975
367985
368091
368093
368166
368203
368228
368240
368250
368262
368337
368353
368399
368455
368510
368556
368582
368661
368704
368718
368759
368762
368770
368811
368815
368830
368894
368977
369114
369129
369135
369142
369146
369151
369199
369225
369385
369393
369412
369477
369565
369612
369617
369657
369760
369799
369827
369833
369866
369929
369967
369984
370061
370110
370239
370248
370254
370256
370335
370346
370409
370422
370433
370452
370459
370474
370562
370596
370647
370657
370689
370696
370708
370709
370726
370728
370735
370784
370826
370847
370896
371030
371087
371100
371114
371138
371310
371311
371344
371375
371379
371380
371406
371409
371412
371414
371452
371485
371495
371515
371542
371638
371659
371684
371702
371779
371856
371863
371909
371914
371964
372002
372008
372039
372051
372067
372077
372107
372114
372116
372120
372131
372159
372255
372330
372335
372349
372366
372407
372464
372472
372505
372523
372548
372594
372596
372631
372637
372648
372653
372674
372686
372688
372725
372737
372786
372843
372857
372899
372944
372992
373003
373016
373045
373138
373182
373415
373575
375650
376482
376526
376575
376990
377584
378991
380344
380792
380795
381245
381375
381842
382388
383044
383620
383883
384009
384350
384408
384783
384818
384886
384918
384924
384925
384926
384937
384946
385020
385196
385209
385215
385283
385289
385307
385314
385368
385371
385399
385448
385498
385563
385623
385634
385678
385730
385740
385819
385936
385943
385984
386043
386059
386129
386130
386213
386334
386363
386419
386442
386444
386467
386541
386647
386771
386790
386814
386928
386931
386945
386973
386982
387010
387101
387278
387354
387358
387651
387764
387779
387803
387846
387889
387924
387951
387983
388040
388058
388187
388229
388362
388401
388426
388456
388496
388504
388526
388546
388632
388684
388814
388835
388930
389137
389242
389311
389367
389463
389575
389612
389646
389772
389936
390034
390188
390815
391031
392549
393794
394528
394608
400015
412427
413127
413327
414288
416138
416260
416320
416422
416796
416977
417084
417721
418094
419716
419973
420126
420243
420280
420671
421401
421648
422411
423054
423911
424828
425166
425301
425503
425533
426175
427624
431332
432823
434514
435186
436166
437365
440497
441369
441775
443623
449763
449839
452050
452353
452616
457432
457502
459111
459960
462172
463170
463256
463261
465052
465160
467395
471506
473582
473635
473867
474148
474647
475535
475932
476821
476841
477159
477971
478135
478695
479099
479482
480978
481265
481979
482024
482277
482613
482986
483823
484615
484636
485988
486017
486768
486787
487000
488344
489455
489513
489853
491782
492149
493077
493847
494591
494754
494773
494824
494909
494923
494931
494940
494972
494985
494989
495030
495136
495151
495155
495176
495183
495186
495259
495462
495477
495591
495627
495631
495715
495762
495797
495851
495903
495930
495949
496003
496081
496084
496087
496160
496176
496192
496198
496244
496325
496329
496372
496437
496438
496535
496548
496588
496602
496645
496648
496852
496854
496985
497017
497067
497083
497162
497166
497169
497184
497193
497204
497236
497262
497289
497335
497442
497459
497477
497479
497504
497560
497575
497651
497654
497772
498001
498003
498219
498611
498687
499695
500105
500204
500311
500516
500803
501295
501628
501630
501631
502343
502735
503702
505659
507849
507977
510234
510389
511495
513014
514472
514781
515949
518394
521098
521144
521215
521308
521454
521776
521851
521902
522935
522977
523423
523706
525100
525275
526860
526868
527562
527935
528584
529170
529321
529419
531051
531319
531790
532053
532411
532452
532604
533322
533472
534219
534341
535359
535420
535570
535590
536989
537153
539564
539757
541284
541485
541652
541774
544902
545012
545207
545336
547117
550288
552524
553424
553912
556469
556526
556802
559090
560317
560325
560371
564594
565634
565641
565878
566621
566889
567207
568519
570891
570939
571588
572474
573865
575440
576624
578414
578871
579583
579617
579872
579941
580038
580131
580241
580354
580805
39
50
56
72
73
77
93
96
102
117
125
152
161
181
200
230
232
295
312
313
317
327
354
356
364
375
384
391
412
413
416
433
461
462
473
491
494
514
517
518
535
556
564
572
574
589
596
607
622
633
648
652
696
699
711
744
748
753
809
831
843
865
889
924
982
994
1079
1118
1121
1123
1131
1153
1180
1201
1235
1260
1273
1282
1310
1313
1333
1351
1410
1442
1468
1474
1476
1479
1486
1503
1525
1536
1543
1554
1585
1597
1616
1626
1637
1645
1646
1649
1664
1680
1695
1710
1724
1725
1726
1756
1773
1777
1783
1805
1894
1922
1923
1987
1989
1991
2007
2064
2066
2084
2092
2110
2115
2139
2149
2171
2176
2224
2232
2258
2288
2298
2317
2322
2326
2332
2356
2359
2365
2397
2433
2455
2475
2490
2535
2550
2565
2566
2568
2571
2600
2608
2632
2634
2643
2667
2671
2678
2704
2705
2708
2714
2715
2725
2727
2734
2736
2740
2747
2785
2803
2809
2813
2821
2822
2830
2843
2866
2873
2874
2876
2887
2896
2899
2907
2911
2913
2916
2930
2984
2987
3008
3017
3027
3053
3058
3063
3065
3074
3080
3081
3087
3107
3114
3124
3129
3137
3162
3176
3191
3195
3201
3221
3231
3244
3245
3258
3272
3299
3304
3329
3334
3353
3396
3397
3408
3431
3455
3492
3493
3496
3509
3520
3525
3533
3546
3579
3585
3636
3646
3647
3654
3659
3688
3697
3717
3728
3732
3737
3752
3776
3785
3800
3816
3855
3867
3872
3876
3885
3896
3919
3932
3989
4017
4046
4050
4052
4066
4070
4078
4094
4099
4120
4145
4198
4222
4227
4246
4272
4286
4298
4300
4310
4318
4324
4330
4372
4389
4391
4416
4425
4443
4446
4453
4459
4473
4475
4477
4492
4498
4540
4561
4564
4568
4580
4648
4669
4688
4700
4724
4731
4739
4747
4760
4761
4764
4767
4780
4801
4821
4823
4832
4834
4839
4845
4857
4867
4883
4885
4897
4938
4961
4982
4984
4990
4993
4996
5023
5035
5061
5082
5098
5138
5140
5146
5150
5153
5155
5161
5172
5180
5184
5186
5198
5200
5218
5228
5240
5267
5298
5300
5341
5369
5383
5398
5405
5410
5425
5448
5455
5463
5473
5474
5477
5483
5485
5498
5499
5502
5503
5511
5579
5610
5613
5625
5658
5664
5691
5697
5735
5750
5756
5764
5765
5829
5838
5839
5844
5852
5854
5865
5892
5896
5905
5914
5923
5924
5941
5952
5966
5972
5992
6013
6023
6067
6085
6099
6100
6149
6198
6230
6238
6270
6334
6341
6357
6365
6366
6369
6376
6389
6398
6416
6427
6466
6511
6538
6572
6588
6592
6629
6632
6638
6656
6683
6707
6732
6745
6749
6753
6815
6835
6861
6864
6867
6874
6887
6890
6905
6914
6926
6935
6942
6946
6959
6962
6998
7015
7037
7040
7046
7055
7091
7117
7131
7134
7147
7151
7206
7210
7214
7226
7231
7255
7274
7312
7324
7336
7340
7348
7351
7363
7372
7391
7406
7431
7463
7465
7475
7486
7500
7506
7542
7571
7578
7595
7599
7608
7611
7622
7634
7639
7644
7651
7652
7656
7658
7669
7693
7708
7711
7713
7714
7731
7758
7760
7771
7809
7812
7824
7843
7851
7852
7873
7879
7909
7932
7947
7961
7973
7995
8014
8017
8023
8068
8072
8076
8088
8106
8122
8146
8185
8187
8199
8211
8220
8225
8264
8283
8284
8328
8337
8362
8368
8395
8396
8398
8399
8407
8408
8424
8433
8462
8466
8475
8481
8483
8492
8493
8507
8538
8552
8591
8622
8648
8660
8669
8679
8687
8688
8690
8696
8707
8712
8721
8739
8763
8789
8803
8843
8851
8858
8887
8945
8988
8990
8996
8998
9018
9067
9084
9139
9145
9159
9203
9206
9213
9234
9259
9295
9332
9340
9341
9369
9380
9427
9430
9453
9477
9496
9544
9566
9573
9575
9577
9583
9586
9597
9603
9605
9626
9630
9642
9685
9722
9725
9741
9743
9745
9757
9769
9780
9800
9801
9810
9814
9825
9829
9838
9861
9865
9869
9873
9886
9902
9913
9923
9950
9979
10021
10040
10049
10059
10069
10083
10087
10089
10113
10137
10204
10219
10276
10307
10352
10374
10386
10389
10394
10396
10397
10405
10433
10458
10461
10474
10483
10497
10533
10546
10547
10597
10621
10645
10648
10664
10679
10683
10685
10700
10714
10726
10767
10797
10805
10823
10826
10866
10868
10869
10880
10926
10975
10977
10983
10988
11000
11007
11024
11051
11058
11088
11116
11138
11176
11225
11228
11233
11234
11242
11274
11281
11306
11441
11472
11474
11543
11545
11546
11555
11567
11605
11639
11651
11662
11670
11691
11715
11758
11761
11763
11776
11777
11779
11782
11786
11788
11791
11824
11847
11910
11931
11945
11954
11960
11969
11984
12004
12019
12055
12063
12071
12089
12090
12094
12101
12104
12106
12118
12127
12139
12142
12156
12158
12162
12168
12169
12185
12217
12238
12266
12285
12297
12302
12318
12361
12387
12407
12429
12436
12442
12460
12469
12539
12559
12568
12599
12609
12661
12696
12713
12714
12726
12749
12772
12784
12849
12870
12884
12899
12926
12978
13019
13020
13029
13057
13061
13074
13111
13127
13132
13148
13154
13157
13164
13171
13184
13252
13273
13277
13292
13310
13322
13330
13344
13381
13388
13431
13435
13436
13453
13494
13617
13673
13713
13715
13722
13723
13729
13735
13743
13751
13759
13761
13928
13981
14167
14204
14209
14286
14301
14312
14387
14407
14420
14458
14468
14505
14532
14600
14627
14683
14718
14826
15040
15041
15085
15132
15133
15251
15252
15300
15336
15431
15453
15587
15598
15912
15967
16111
16182
16199
16342
16358
16474
16530
16625
16655
16755
16815
16887
16902
16925
17101
17138
17214
17375
17414
17435
17461
17694
17736
17820
17917
17957
17981
18094
18171
18210
18250
18360
18392
18401
18575
18580
18598
18722
18957
19027
19357
19395
19459
19462
19466
19476
19479
19527
19615
19828
19829
20000
20003
20007
20032
20134
20155
20175
20180
20303
20407
20483
20646
20701
20729
20751
20871
21005
21065
21246
21467
21595
21619
21620
21673
21679
21701
21727
21805
21872
21946
22122
22178
22200
22283
22297
22317
22396
22754
22765
22840
22874
22967
23069
23085
23198
23218
23219
23416
23503
23586
23651
23681
23694
23709
23799
23838
23994
24052
24067
24071
24076
24097
24118
24151
24226
24267
24387
24389
24396
24441
24460
24567
24628
24736
24858
24900
24967
25238
25272
25434
25475
25559
25609
25716
25842
25857
26174
26258
26270
26292
26303
26521
26594
26653
26658
26737
26799
26817
27223
27340
27350
27516
27554
27561
27603
27643
27756
27780
27886
28113
28142
28168
28214
28259
28332
28348
28555
28564
28588
28629
28692
28869
28929
28933
29023
29098
29193
29212
29655
29715
29778
30213
30278
30380
30396
30401
30428
30457
30459
30500
30998
31015
31030
31110
31185
31312
31351
31404
31417
31507
31659
31692
31731
31779
31786
31903
31931
31979
32017
32028
32029
32056
32104
32142
32199
32281
32317
32352
32512
32643
32649
32704
32727
32782
32790
32800
32833
32857
32860
32866
32896
32931
32969
32982
33095
33097
33099
33183
33309
33469
33502
33545
33550
33642
33718
33797
33813
33863
33915
34034
34197
34205
34352
34430
34506
34514
34605
34611
34641
34799
34808
34948
34962
35010
35075
35104
35298
35325
35609
35768
35825
36053
36090
36143
36145
36368
36489
36503
36603
36641
36657
36757
36818
36847
37036
37071
37357
37427
37447
37488
37536
37600
37771
37833
37949
37969
38010
38160
38217
38236
38606
38669
38683
38994
39375
39408
39429
39435
39449
39551
39594
39601
39609
39673
39699
39720
39848
39931
39970
39996
40055
40076
40165
40193
40331
40341
40356
40385
40571
40595
40696
40758
40854
40959
41101
41127
41161
41196
41202
41255
41356
41549
41852
41881
41899
41918
41953
41954
42147
42388
42396
42439
42444
42455
42483
42545
42622
42676
42730
42823
42829
42933
43014
43033
43098
43279
43502
43603
43800
43835
43893
43910
43931
43963
44016
44053
44142
44283
44370
44388
44424
44488
44520
44621
44643
44737
44752
44772
44776
44880
44979
45014
45073
45169
45170
45240
45299
45353
45406
45447
45476
45497
45569
45602
45616
45634
45651
45716
45943
45980
46032
46041
46086
46217
46234
46259
46311
46365
46433
46468
46515
46527
46912
47095
47136
47216
47247
47344
47403
47471
47581
47586
47602
47610
47862
47997
48000
48067
48106
48214
48392
48527
48588
48597
48598
48629
48690
48825
48949
49074
49179
49324
49358
49468
49824
49827
49832
50029
50030
50148
50153
50245
50395
50406
50530
50533
50560
50792
50900
50961
51215
51251
51446
51469
51655
51743
51767
51820
51844
52166
52249
52283
52399
52411
52501
52546
52548
52574
52753
52765
52903
53007
53085
53096
53108
53236
53240
53426
53523
53704
53725
53739
53844
53904
53940
54012
54219
54448
54535
54592
54698
54736
54823
54862
54871
54873
54920
54957
55003
55026
55034
55142
55239
55257
55273
55380
55415
55431
55514
55748
56207
56212
56348
56360
56524
56531
56563
56755
56886
56922
56934
56985
57034
57086
57117
57118
57304
57329
57383
57394
57397
57419
57429
57436
57498
57546
57635
57700
57730
57794
58008
58056
58079
58086
58212
58255
58491
58508
58598
58627
58654
58667
58714
58719
58737
58864
58873
58942
59019
59144
59155
59428
59492
59561
59589
59661
59774
60014
60066
60091
60121
60134
60329
60352
60416
60447
60540
60580
60655
60851
60856
61041
61170
61329
61348
61353
61420
61469
61508
61864
62029
62093
62110
62148
62214
62243
62267
62298
62319
62694
63089
63119
63156
63257
63258
63477
63569
63601
63644
63663
63718
63809
63872
63914
63931
64002
64031
64150
64228
64263
64296
64399
64430
64450
64589
64620
64640
64846
65077
65163
65348
65359
65441
65487
65506
65685
65819
65841
65968
66209
66236
66283
66288
66335
66338
66401
66461
66501
66507
66547
66551
66632
66761
66833
66855
67278
67466
67559
67606
67880
67881
68007
68088
68105
68120
68262
68314
68361
68553
68601
68900
69032
69093
69182
69225
69247
69361
69633
69737
69820
69844
69849
69925
70024
70174
70207
70292
70511
70551
70689
70733
70856
70916
71019
71108
71142
71372
71410
71472
71528
71538
71555
71777
71943
71949
72033
72145
72164
72332
72361
72412
72475
72499
72532
72623
72874
72889
73127
73239
73287
73389
73447
73481
73546
73764
73806
73909
73979
74112
74161
74220
74282
74395
74405
74411
74812
75155
75579
75951
76013
76320
76661
76707
77413
77508
77626
77862
78023
78054
78107
78170
78182
78197
78216
78463
78497
78615
78820
79124
79145
79229
79283
79311
79319
79475
79774
79777
80103
80217
80235
80294
80376
80617
80721
80738
80825
80856
80872
80876
80891
80977
81091
81092
81151
81579
81613
81622
81746
81764
81993
82099
82274
82302
82305
82368
82415
82543
82588
82770
82800
82820
82959
83438
83442
83622
83771
83824
83868
83935
84519
84551
84664
84711
84721
84766
84866
84979
85048
85077
85295
85305
85377
85519
85676
85791
85844
86018
86025
86120
86259
86462
86537
86809
86915
86931
86939
86971
86978
87071
87085
87283
87314
87406
87458
87607
87637
87789
87956
88061
88219
88266
88466
88526
88567
88758
88953
88969
89188
89418
89455
89521
89850
89876
89929
90319
90472
90529
90560
90631
90729
90806
90833
90842
91048
91075
91350
91362
91489
92218
92356
92357
92438
92490
92495
92526
92535
92557
92606
92655
92732
92808
92820
92827
92839
93178
93330
93614
93854
93894
93927
94047
94099
94351
94361
94438
94699
94805
95102
95138
95278
95379
95386
95688
95861
95935
95940
95962
96021
96027
96034
96036
96043
96175
96180
96243
96301
96337
96354
96527
96576
96612
96684
96694
96757
96919
97006
97096
97335
97366
97551
97860
97952
98221
98224
98238
98709
98712
99013
99219
99324
99689
99864
99893
99989
100021
100183
100340
100359
100684
100724
100766
101022
101224
101702
101854
102023
102091
102139
102510
102573
102685
102741
102897
103125
103191
103397
103478
103616
103675
103850
103900
103918
103996
104170
104431
104845
105036
105116
105137
105330
105509
105534
105536
105795
106101
106119
106423
106501
106507
106718
106826
106845
106860
106918
107225
107238
107315
107509
107514
107543
107666
107762
107795
107867
107925
107970
108063
108107
108222
108295
108328
108403
108435
108626
108792
108873
109175
109186
109201
109430
109718
109756
109780
109896
109922
109942
110108
110280
110597
110690
110701
110711
110865
110949
111090
111132
111175
111335
111451
111519
111584
111667
112521
112563
112676
112846
112918
113000
113150
113151
113189
113483
113531
113535
113642
113694
113794
113963
113964
114014
114146
114158
114195
114334
114342
114689
114882
115048
115082
115122
115172
115248
115255
115320
115616
115690
115771
116244
116374
116412
116569
116642
116834
117445
117592
118148
118177
118209
118240
118480
118548
118589
118711
118744
118754
118774
118787
118788
119280
119790
119797
119802
119831
119837
119853
119923
120083
120350
120354
120388
120421
120657
120849
120968
121196
121478
121514
121549
121566
121687
121813
121879
122287
122300
122377
122716
122996
123077
123197
123338
123443
123583
123760
123778
123829
123840
124163
124189
124212
124333
124334
124388
124716
124939
125196
125513
125559
125725
125730
126108
126776
126859
127023
127052
127247
127345
127374
127739
127757
127759
127785
127800
128679
128824
128976
128983
129048
129113
129634
129815
130000
130225
130473
130604
131139
131283
131328
131670
131686
131687
131935
131960
131971
131978
131997
132126
132464
132889
132929
133109
133154
133243
133419
133542
133593
133635
133663
133665
133792
133846
133935
134019
134042
134111
134112
134353
134475
134610
134754
134893
134934
135027
135081
135244
135393
135428
135535
135743
135946
136181
136429
136682
136757
137039
137056
137203
137661
137730
138063
138075
138394
138425
138552
138610
138644
138645
138724
138875
138977
139302
139344
139373
139399
139409
139585
139804
139972
140124
140191
140247
140405
140566
140967
141176
141348
141707
141927
141937
142041
142044
142093
142541
142587
142781
142797
142844
143012
143024
143152
143301
143349
143621
143722
143864
143982
144008
144088
144336
144538
144707
144800
144941
145052
145353
145447
145499
145591
145774
145852
145994
146070
146319
146478
146481
147041
147328
147445
147446
147502
147612
147744
147811
147825
147982
148516
148694
148756
149313
149393
149445
149564
149570
149715
150195
150476
150593
150702
150821
150827
150829
150830
150843
151016
151190
151232
151252
151284
151410
151700
151704
151740
151972
151977
152207
152274
152651
152898
153178
153210
153340
153425
153578
153897
153904
154098
154460
154583
154663
154679
154822
154885
155027
155074
155113
155209
155262
155401
155681
156009
156069
156088
156101
156148
156661
157024
157338
157627
157729
157874
157952
158160
158282
158364
158747
158763
158921
158935
158940
159359
159384
159640
159749
159894
160286
160287
160839
160956
161141
161294
161491
161583
161589
161635
161650
161688
161810
161820
161935
162433
162791
162927
163136
163318
163340
163771
163783
163994
164013
164203
164652
164692
164998
165009
165453
165587
166438
166669
166809
166936
167037
167170
167368
168075
168081
168088
168216
168542
168682
168746
169038
169100
169246
169423
169484
169728
169793
169826
169842
170168
170229
170314
170503
171134
171163
171402
171584
171734
172293
172487
172679
172787
172857
173389
173404
173466
173849
173964
174053
174414
174453
174490
174512
174662
174670
174695
174697
174702
174707
174711
174713
174722
174724
174734
174774
174779
174799
174803
174809
174816
174818
174822
174828
174892
174900
174927
174928
174930
174931
174936
174949
174955
174966
174977
174995
174998
175010
175027
175034
175044
175055
175060
175090
175100
175121
175122
175133
175157
175169
175175
175179
175210
175220
175222
175239
175251
175285
175328
175423
175451
175468
175484
175499
175515
175543
175546
175572
175574
175576
175577
175622
175624
175635
175655
175677
175688
175701
175711
175714
175720
175747
175766
175792
175797
175815
175818
175836
175855
175862
175873
175874
175884
175889
175903
175910
175930
175931
175934
175964
175969
175974
176001
176004
176010
176031
176052
176115
176130
176143
176153
176180
176204
176216
176218
176252
176264
176296
176297
176300
176373
176385
176398
176401
176423
176432
176440
176464
176492
176562
176572
176573
176604
176626
176653
176681
176703
176720
176760
176772
176805
176832
176866
176881
176899
176928
176930
176946
176948
176951
176973
176990
176997
177031
177062
177080
177122
177126
177157
177181
177191
177234
177271
177274
177291
177301
177336
177348
177349
177362
177366
177370
177396
177399
177404
177413
177422
177431
177445
177451
177482
177528
177545
177564
177590
177624
177632
177637
177653
177681
177707
177727
177752
177755
177763
177775
177796
177804
177809
177840
177877
177879
177915
177916
177919
177929
177949
177957
177982
177992
178012
178022
178033
178047
178101
178178
178188
178201
178205
178207
178224
178227
178233
178236
178238
178239
178246
178249
178266
178276
178294
178295
178305
178331
178366
178414
178424
178470
178493
178502
178536
178569
178631
178635
178645
178687
178730
178732
178740
178766
178779
178799
178836
178872
178882
178934
178940
178971
178980
178999
179036
179055
179077
179104
179123
179128
179166
179208
179213
179223
179233
179249
179270
179301
179305
179333
179361
179365
179396
179401
179444
179468
179503
179507
179543
179583
179585
179631
179676
179683
179693
179710
179723
179728
179731
179788
179796
179824
179828
179840
179852
179860
179874
179887
179894
179896
179939
179954
179972
179975
179988
180000
180003
180015
180020
180083
180127
180166
180170
180239
180247
180254
180258
180265
180271
180273
180280
180289
180291
180302
180368
180409
180413
180422
180440
180465
180474
180476
180496
180521
180526
180540
180552
180581
180610
180615
180626
180636
180638
180657
180673
180683
180700
180705
180722
180748
180776
180811
180823
180840
180854
180860
180873
180876
180884
180904
180931
180937
180938
180942
180944
180968
180972
180975
181002
181017
181072
181076
181084
181095
181139
181151
181167
181174
181175
181191
181201
181214
181217
181239
181243
181262
181265
181291
181339
181349
181367
181383
181400
181409
181410
181424
181460
181477
181490
181503
181511
181518
181524
181541
181566
181570
181579
181599
181611
181614
181640
181647
181652
181671
181673
181678
181697
181702
181704
181711
181718
181727
181768
181783
181786
181802
181808
181815
181830
181831
181851
181871
181872
181876
181895
181898
181924
181949
181979
181980
181981
181983
181998
182039
182051
182065
182070
182076
182077
182083
182091
182124
182133
182141
182164
182168
182183
182238
182256
182263
182287
182310
182328
182329
182341
182354
182361
182405
182410
182413
182444
182486
182505
182552
182565
182583
182591
182602
182604
182606
182619
182624
182628
182630
182655
182673
182681
182684
182737
182780
182787
182898
182903
182912
182930
182976
182979
182986
183001
183042
183059
183064
183120
183123
183127
183158
183166
183184
183209
183223
183224
183242
183249
183260
183271
183311
183312
183320
183382
183400
183403
183409
183430
183445
183450
183462
183469
183500
183503
183518
183529
183538
183560
183570
183639
183656
183674
183680
183752
183760
183761
183770
183779
183807
183820
183823
183829
183835
183872
183897
183928
183931
183969
183978
183993
183994
183995
183996
184043
184056
184063
184064
184074
184090
184126
184129
184136
184153
184177
184181
184199
184236
184262
184281
184284
184296
184309
184315
184340
184351
184369
184374
184375
184383
184402
184422
184435
184442
184446
184458
184493
184521
184524
184533
184536
184568
184578
184580
184583
184596
184623
184628
184637
184651
184673
184695
184725
184727
184765
184798
184812
184838
184869
184871
184874
184885
184890
184892
184931
184962
184964
185010
185031
185068
185070
185090
185128
185167
185181
185204
185215
185216
185217
185219
185241
185253
185266
185275
185276
185292
185312
185313
185330
185340
185349
185370
185373
185380
185382
185394
185405
185416
185422
185432
185451
185452
185466
185472
185495
185498
185506
185513
185522
185544
185547
185560
185572
185574
185584
185590
185609
185622
185630
185633
185635
185642
185645
185652
185653
185672
185675
185682
185689
185702
185715
185719
185721
185781
185792
185807
185818
185844
185845
185891
185910
185919
185927
185933
185954
185978
185986
185993
186027
186058
186061
186074
186087
186097
186109
186145
186156
186158
186177
186178
186181
186186
186189
186204
186210
186211
186233
186245
186247
186262
186279
186304
186385
186413
186426
186450
186455
186458
186459
186478
186486
186487
186492
186506
186518
186524
186564
186565
186587
186610
186613
186655
186667
186676
186681
186687
186698
186715
186736
186743
186745
186756
186760
186771
186796
186819
186834
186842
186853
186858
186862
186881
186889
186955
186982
186985
187001
187023
187046
187077
187088
187124
187125
187141
187170
187223
187242
187266
187275
187293
187312
187354
187375
187426
187437
187447
187450
187458
187466
187472
187493
187498
187544
187574
187589
187598
187606
187611
187617
187634
187673
187680
187705
187729
187770
187772
187803
187821
187833
187843
187867
187903
187911
187925
187948
187955
187974
187985
187993
187995
188007
188039
188049
188054
188066
188073
188090
188104
188142
188155
188167
188180
188184
188185
188201
188219
188223
188236
188239
188243
188262
188281
188306
188308
188331
188378
188389
188394
188396
188408
188419
188422
188430
188452
188458
188467
188471
188479
188484
188523
188549
188560
188575
188608
188611
188618
188619
188631
188651
188652
188664
188667
188676
188684
188696
188699
188716
188730
188746
188756
188757
188764
188771
188775
188795
188800
188816
188820
188832
188838
188848
188857
188894
188925
188927
188945
188950
188974
188990
188994
189004
189028
189030
189074
189079
189106
189122
189160
189165
189171
189190
189212
189219
189244
189257
189266
189277
189279
189286
189300
189313
189319
189322
189325
189338
189342
189348
189381
189395
189398
189410
189421
189426
189427
189452
189466
189511
189515
189573
189588
189597
189609
189616
189635
189644
189651
189681
189689
189690
189693
189705
189720
189722
189737
189796
189822
189848
189858
189869
189887
189895
189898
189919
189924
189929
189956
189972
189991
189995
190015
190027
190035
190042
190048
190075
190076
190082
190087
190105
190110
190127
190132
190133
190176
190180
190200
190223
190228
190231
190278
190286
190291
190312
190314
190317
190344
190390
190395
190397
190422
190437
190450
190468
190482
190501
190508
190512
190521
190532
190545
190562
190564
190600
190611
190644
190649
190650
190687
190706
190718
190726
190730
190737
190744
190751
190806
190817
190826
190829
190852
190857
190863
190870
190876
190886
190911
190921
190930
190934
190935
190961
191012
191037
191046
191064
191085
191087
191125
191127
191137
191163
191171
191187
191202
191205
191239
191240
191259
191273
191297
191301
191409
191474
191480
191499
191551
191664
191673
191713
191720
191758
191772
191853
191866
191881
191893
191982
191986
192005
192179
192190
192210
192214
192223
192327
192436
192438
192457
192486
192522
192564
192576
192590
192616
192630
192633
192718
192722
192730
192809
192827
192831
192891
192945
192968
193002
193014
193029
193094
193122
193138
193147
