191936
195502
207770
217784
288651
304492
315233
315440
315499
324715
325047
325195
325297
326247
330151
343784
385233
528997
1074
1909
2080
2217
2413
2654
5349
6268
6471
7140
9063
12606
12766
14169
14869
14978
15314
15651
15808
16489
17655
18435
18729
19708
20533
21222
25174
27372
36709
42288
43475
45195
45957
49255
53030
57233
60197
66716
70519
71131
90762
102752
138910
139764
145840
157853
164699
173006
174911
180120
186517
187740
192308
196497
249762
315311
325914
329111
329433
343290
348840
354147
371800
556054
250
822
1188
2835
2922
6321
6326
8009
11893
12449
13279
13369
14341
14345
14399
14434
16441
16497
16772
22441
23917
24278
25257
25393
25629
26768
27200
28750
29647
31130
31585
31861
38730
41555
47889
54321
56939
61770
61962
62184
77645
84077
90617
98303
98555
108425
116117
133340
147100
158995
159417
160805
172536
175391
188109
192082
192978
199555
207266
215902
226917
281009
315220
325378
340982
345108
363696
369903
385600
385825
385923
538338
136
547
1164
1344
1933
3524
3769
3975
8744
10048
14072
14436
14673
15772
17478
18333
19390
19662
25677
26704
28217
29796
30487
31684
31976
32691
34924
38039
38494
42430
49650
52043
56571
58603
68374
73781
73819
73821
78577
79516
85608
86488
88411
92400
104701
113825
114995
124142
128612
130297
137099
139374
159089
175053
185895
187511
190747
195752
197427
202028
292388
324906
328888
331484
333191
340255
349362
350872
369663
381849
385008
473591
474209
495003
495111
550056
178
1093
3275
4626
5299
7369
7585
8158
8460
8980
8981
10906
11016
11774
12572
12909
13489
14337
15615
16005
16389
16882
17451
17553
18060
20595
20922
22316
23879
24409
24637
27126
31336
32509
32806
33015
34090
41618
42647
45412
46257
46998
48486
49173
49379
53126
56670
58118
58834
59912
59990
61880
66694
76434
82913
85792
108237
151300
166096
176357
177043
178851
179504
184502
189089
189915
192763
271839
273033
287795
292800
314347
314684
315755
316309
316478
325522
334788
340542
342753
343639
344441
353535
357293
357596
359819
365301
365338
366045
370755
333
435
955
1137
1337
3988
4515
4915
5077
6544
7287
7288
7937
9068
9373
9470
9969
12768
13112
15204
15310
16629
21530
21616
23071
24057
27105
28159
28475
31083
31260
31496
39517
44556
46166
46762
47613
49398
50483
54709
55464
55601
55782
56812
62278
64118
65521
66807
69605
69695
71212
73140
81454
82999
93666
94471
96231
100673
109624
115400
116949
134956
136935
146050
153328
154416
157071
158882
172247
178477
197853
245858
250027
258118
288038
292600
314774
324483
324997
325515
325752
348261
354008
385823
387596
430381
439680
474220
529386
535107
164
431
454
697
1316
3035
3060
6978
7066
7115
8166
13849
14285
14552
16851
18109
18615
19431
19649
20229
20762
22949
23813
24308
25535
25884
26756
30001
31021
31193
31243
32785
34087
35336
35931
37478
38060
39412
40605
41751
44400
45898
46116
46801
47257
48505
51151
51597
51694
55882
58072
58724
60036
61959
64526
66522
66624
69519
91376
111661
119461
142613
146818
147506
178630
200742
203951
206554
212425
227384
251519
269666
271665
277017
282606
316645
343700
344037
350117
355109
355904
367908
423562
438909
545627
285
645
776
926
1155
1897
2493
4371
5437
5781
6248
6808
6964
7654
8057
8429
8515
10310
10798
10835
11652
11785
12684
14528
15682
15891
15949
16967
17061
17875
20132
22647
23011
23092
23405
24245
25950
26065
26078
26637
27783
28733
29262
29611
30874
32895
34651
38046
38391
38701
38820
39360
41861
44100
60306
61838
61954
65295
66250
71203
74289
74518
74527
77682
77944
85626
100368
107826
119104
151560
161197
171040
171578
173994
175506
182694
184477
188328
188663
189031
194041
229591
287653
293439
314432
328487
342033
347030
347958
350830
352104
354525
354608
355277
362723
365706
368550
371500
392871
508720
535373
579588
204
1232
1359
1889
1983
2203
2979
3206
3589
3672
3973
4331
5121
5739
5797
5894
5930
6470
8906
9356
9850
10280
10833
13201
13213
13725
13884
14717
14757
15781
17064
20856
21527
22388
22432
23598
25917
28218
28408
28832
28983
32211
35119
39346
41214
43350
44165
45269
45633
45921
47327
48343
53170
57091
57154
58642
59014
62076
67908
69804
69917
76343
79852
83137
87532
89039
93557
114134
120386
123766
124918
128651
130292
145695
153237
179224
182522
192395
196506
196559
196622
196803
198548
211819
212570
229001
293214
295952
314594
314647
315620
327816
328442
328681
346302
351671
355136
362051
383755
384843
559
935
1110
2777
2958
2973
4055
4705
4868
5045
8251
8719
9253
9372
9591
9635
10109
11096
11748
12275
13230
13940
15656
15735
16157
17391
18293
18410
18946
19948
20072
20107
20120
21696
24237
26068
27183
28987
31324
33534
39278
41304
41638
41826
43260
43531
44998
45025
47887
48726
48855
51298
51680
53454
55877
56983
58882
65281
70709
72070
72521
76687
77068
83973
87872
97587
101428
107818
119785
121302
130527
131657
134171
135761
139368
141263
147480
150957
160877
161458
196923
201110
223033
242593
255076
255614
258075
277399
314500
314659
316484
325327
328015
330061
331027
332121
335408
335766
337839
340074
347259
386919
387927
388243
388532
477931
546474
560621
217
664
2044
2386
2807
3099
3128
3294
3356
3556
3678
4381
4438
5014
5213
5266
5537
5862
6236
6850
8206
9484
9883
10062
10924
12161
12182
12961
14052
14205
14215
15258
15571
18275
18672
18965
19510
21902
23506
23720
25145
25246
25485
26468
26530
26574
27671
29026
29227
29394
31654
33961
35087
35718
36259
39208
40779
42070
42210
43667
47149
47646
50100
53946
55245
58879
61909
73802
77326
80619
81039
82568
91630
97296
123139
124658
133092
135791
139831
149549
153444
158198
158356
161538
163177
175400
176640
180737
190949
191282
193706
195108
195641
197395
198608
202640
208978
219769
282448
315782
326396
328269
329878
331608
338315
347791
347869
347909
347969
348095
348826
348837
355189
358516
359417
365527
372754
384841
385083
385170
385173
386655
387999
442372
473820
497885
787
967
1267
1365
1836
3277
3762
4035
4247
4787
5348
6148
6384
6498
8178
8402
8528
9146
9167
9385
9944
10008
10144
11598
12273
12632
13130
13258
14766
15605
16507
17151
17723
17860
18868
19550
19877
20553
20779
22277
22477
22872
23205
25354
27004
28508
29081
31101
31285
31314
31407
31490
32461
34827
35319
35691
37443
37453
37770
39544
39683
40154
41749
46133
47341
47490
48262
52332
55297
55897
61330
61684
64962
72558
72595
73601
78225
78691
81109
85746
89894
90114
92405
92724
92863
95140
110880
118629
125800
133303
135776
142013
144776
150657
155934
160849
170615
175065
188770
191407
192867
193041
200772
203782
208387
208483
224328
262934
289439
303758
314660
324971
325589
326605
326704
328088
329396
331731
345054
350101
350702
351283
352702
354356
355121
360170
368847
369099
372137
385057
385278
385616
385706
412768
495543
506937
524087
527732
546710
547344
556991
562521
92
578
2432
2804
3289
3535
4658
4930
5698
5738
6008
6039
8523
8923
9211
9513
9876
10142
11666
12292
12662
12753
13670
16408
16430
16451
19484
20121
20139
20787
21832
21870
22162
22185
23034
24141
24175
24622
25960
25997
27057
28335
28396
28414
29165
31089
31120
31222
32018
32105
32132
32208
32666
33155
33511
34499
37547
37655
38280
39497
39860
39971
40472
41217
43053
43251
43309
44935
47096
48475
50362
50937
51004
52648
52785
55177
55386
56746
57006
57867
59298
60201
60367
61630
62650
62712
63584
64314
67438
68277
70609
74377
75453
75772
76750
77012
77816
79304
79980
81699
82879
84492
86238
86307
87415
88963
89239
90139
94415
94439
101726
102898
111841
123942
124803
125073
132607
132664
134163
138190
138912
147391
148104
153050
153129
159159
164104
167870
174574
176900
180071
182425
185548
189490
191232
191373
192469
200335
205159
208411
232770
269539
283031
287280
326322
326344
329747
330157
331143
339813
344239
347273
350467
355073
357191
372647
372710
373773
463399
495845
500286
526315
281
319
580
861
1015
1403
1764
1852
2136
2374
2422
2939
3251
3908
3941
4205
5939
7153
7492
8326
9247
9422
9451
10806
11128
11146
11943
12489
12562
12603
12605
12622
13741
13858
14446
14487
14653
15499
15569
15687
16031
16171
17242
17403
18576
24575
25710
26176
26250
26924
26988
27255
27895
28623
28634
28887
30085
31834
31852
33159
34046
34239
34433
37241
37589
38355
39502
40658
41986
42372
43372
43956
44713
44822
46411
47663
48995
56370
60456
60569
64128
64857
65567
66176
71979
72294
74302
74787
80991
81560
81610
84091
85634
87364
89565
90892
94398
94841
95764
102062
107912
108443
112226
115395
115937
125624
127360
127976
140812
147144
158357
161779
168198
171619
174095
174895
175359
176499
179145
180172
180176
180312
181745
184392
185737
185831
186173
187349
187584
188161
189467
189653
191337
194217
195129
195352
196891
205038
205176
209527
217789
224898
227009
238454
239104
256587
273981
297936
314565
314694
316513
317674
320379
324497
328505
332456
334775
335317
335326
338079
338980
342179
343416
344409
344934
