384805
11100
176601
325017
1865
5212
27571
22447
37313
48255
372518
570165
19879
729
7468
20940
45960
352769
13794
79931
138913
14883
15850
21173
129298
2208
59124
14175
26453
135463
161044
491246
548283
1464
1709
6995
17733
41239
369117
6580
107593
181523
102101
121971
13782
46673
53715
59323
330822
349698
351862
1222
8118
25833
324182
325067
326276
13007
106925
132134
146552
1111
3541
16843
108882
388
778
10166
15237
68781
169771
353893
556196
346
1829
267372
350142
13360
14497
33809
323720
133364
284563
9020
31897
6970
69592
133431
146955
329195
366895
1754
11972
13813
160774
1017
7076
15142
15456
23568
24083
68745
232364
1320
15908
58769
1653
1850
16786
21032
157801
170808
384837
31748
309842
10853
43717
61536
103140
133534
326655
350569
2511
9395
14608
27869
28621
47949
1851
5520
8317
17339
18610
18797
44480
71998
133469
5137
5310
36718
42863
70692
384767
476752
6600
18836
22828
37394
168619
323856
2478
14217
16119
25220
86491
174358
174897
279
1700
2077
16800
24342
25267
45232
287268
306234
10742
18888
20266
28743
197325
336626
378584
389436
19543
27724
65198
76952
415046
761
3731
43613
48107
133491
167101
6080
9147
14061
14190
47868
54016
59928
323724
324293
668
3927
16832
22556
32988
324635
