323720
133364
284563
9020
31897
6970
69592
133431
146955
329195
366895
1754
11972
13813
160774
1017
7076
15142
15456
23568
24083
68745
232364
1320
15908
58769
1653
1850
16786
21032
157801
170808
384837
31748
309842
10853
43717
61536
103140
133534
326655
350569
2511
9395
14608
27869
28621
47949
1851
5520
8317
17339
18610
18797
44480
71998
133469
5137
5310
36718
42863
70692
384767
476752
6600
18836
22828
37394
168619
323856
2478
14217
16119
25220
86491
174358
174897
279
1700
2077
16800
24342
25267
45232
287268
306234
10742
18888
20266
28743
197325
336626
378584
389436
19543
27724
65198
76952
415046
761
3731
43613
48107
133491
167101
6080
9147
14061
14190
47868
54016
59928
323724
324293
668
3927
16832
22556
32988
324635
432596
133
5397
7111
11190
14146
17183
17721
25366
117529
256929
287542
371567
1141
20204
21998
24956
30544
72601
134812
351829
89
1402
2425
2805
8442
13197
14397
16910
43273
48427
105598
2772
6104
10843
13156
15466
18642
56389
86729
146810
324256
9349
9420
9760
11052
69800
324047
329122
352191
1283
3837
7845
10543
16836
18551
29381
42380
157419
158854
191410
324691
363070
500082
2903
18586
19365
33943
46849
146507
153793
324723
351715
360745
378582
579606
1028
2207
7148
9832
14161
16799
19750
23570
23610
24407
40034
57135
133354
210453
327322
1024
1361
6014
19902
29696
38227
39845
46195
77624
88519
135457
185966
317642
494916
10965
14023
14125
18149
18983
20183
22449
23413
27318
29124
31425
32664
40987
182528
184853
205369
323961
378580
386324
827
9293
9998
12905
14903
23457
29962
31819
40150
44607
96802
133366
133417
158876
180815
2892
4599
20873
23655
57477
62776
119910
145147
242624
314244
323964
365401
45
11151
12945
24021
26742
47814
48074
49682
61973
