346626
351037
351990
363897
363925
364152
372449
384844
384868
384891
386427
474359
478340
486773
498191
576571
74
362
373
507
527
870
1000
1022
1053
1244
1259
1524
1681
2404
2897
2976
3093
3666
3865
3894
4639
5969
5998
6033
6586
6644
7624
7802
8299
8647
9828
11311
11445
12313
12395
12924
13217
14063
14222
15045
15880
16130
16265
16299
16638
17602
17946
18321
18624
18788
19021
20012
20095
20414
21417
22459
22704
22770
24191
25368
26120
26394
26572
29022
29188
30234
31597
31965
32088
33981
35413
35792
36007
36866
37332
37580
37825
38226
41005
41037
41208
41802
41879
42618
43891
44221
45613
46042
47585
48423
48914
50941
53649
55311
58319
60045
61805
61943
62742
63525
64498
67732
68762
73046
73801
78126
79984
80132
80543
84228
84526
85148
86689
86923
88001
90022
93909
95027
97031
110055
111796
114738
115165
117597
118699
121058
123406
127766
130825
139660
141299
142618
143156
146238
150122
153960
154201
161356
171704
177183
177270
178167
180848
180914
182490
185734
186345
186707
186731
187940
193318
194661
197007
197648
198316
198637
202519
202589
203833
204601
219055
253783
291004
314351
315436
316215
323650
324482
325491
325799
326527
326892
327693
333016
334207
334691
334696
334800
335780
336184
339260
340021
340507
342962
344459
346213
347522
349300
349696
349937
350441
353034
354111
355330
356053
363284
367544
375264
380576
384966
429275
432140
525900
566311
567035
576360
173
270
582
626
630
805
925
1043
1117
1716
1762
1934
2488
2573
2908
3260
3410
3424
3645
4179
4244
4431
4827
6004
6447
6865
7221
7592
8332
8380
8593
8912
9149
9694
11568
11859
12340
12500
13113
13403
13758
14101
14796
15115
15179
15634
15700
16365
16715
17115
17408
17447
18854
19554
19567
20877
21134
21237
22020
22225
22727
22782
22894
22990
24222
24377
25259
25996
26160
26729
28498
29217
31373
32188
32745
32770
33196
33453
33696
35659
37027
37228
38809
40364
42546
44208
45755
47058
47239
47779
48046
49281
49637
50329
50587
52608
52825
53017
53133
55232
55617
57331
57441
58752
60824
62550
66560
70314
71572
71870
72584
73434
74581
75673
76621
78536
79871
79964
80941
81608
82312
82610
83747
83993
84603
85227
88197
88572
90613
90836
91730
92727
93938
98243
101066
101535
102913
104239
104880
108863
109853
116373
121579
125033
136409
137557
138824
138938
139069
142552
142581
148034
153945
154336
155937
161379
162227
164316
165611
165874
165884
166280
167477
173309
175689
175777
177224
177901
178055
178203
178309
178387
179016
179892
180086
180377
180598
180754
182235
182270
182272
182774
183615
184482
185990
186089
188995
192878
193565
195048
195138
195172
200570
200777
202577
207003
230279
242585
249015
257900
258177
275732
280321
290101
314418
314421
315200
323647
325127
329506
330281
331440
338503
339816
341690
343114
344387
345576
345986
346401
346664
346801
346977
347329
347708
347767
347983
349080
349930
350498
351778
351957
353260
354110
355579
355883
356700
356734
357761
358809
359319
359485
360031
361604
362429
362995
364485
370075
370392
370919
370946
372619
373870
385364
386201
386895
425660
463464
488508
494780
495376
498192
522594
547687
572955
947
1100
1210
1370
1392
1842
1859
2087
2988
2995
3101
3102
3726
3939
3993
4225
5074
5289
5496
5771
5917
6293
6704
6907
7167
7275
8631
9185
10012
10185
12541
12708
14085
14224
14611
14982
15834
15841
16083
16191
16636
16637
17207
17228
17258
18017
18882
18883
19305
19870
20633
20998
21396
21798
21799
22060
22144
22423
22503
22703
22722
23013
23309
23312
23690
24527
24546
24856
25520
26276
26373
26411
26414
27129
27140
27984
28532
28882
29118
30578
30759
31205
31741
32354
34393
35134
35582
36915
36947
37599
37634
37689
38086
39981
41058
41174
41561
41649
43002
44528
45369
45546
46322
46389
46921
46952
47228
47958
48788
51497
52636
52821
54296
55150
55994
56595
57428
57974
58646
58959
59135
59691
59817
60565
62673
65145
65434
66153
66995
69174
71545
73850
74788
74790
75059
76632
77203
78473
81602
81643
87464
89576
95807
95918
96705
99685
104509
105708
106832
110596
111708
116931
118798
119516
122981
123288
129905
136162
139162
140306
141623
143455
143582
145745
151415
161745
173092
174288
177854
184310
185468
185474
190165
191466
191871
191877
193472
193970
195858
200884
205254
206419
206553
207868
210427
210801
210861
217366
219174
222271
224997
226981
230527
232956
237503
237515
238381
251041
252728
253077
253133
274221
287305
295499
306668
312308
314215
314616
315781
316694
325286
329891
330575
335037
335778
336448
338535
338889
341274
342613
344372
344816
346311
347012
349292
349333
349390
349845
355228
356954
360345
365571
378701
383376
383743
389184
412786
434009
442527
455183
475035
476371
484714
491406
498216
499374
499474
511221
526684
548386
555708
556064
579607
580303
58
389
1070
1103
1253
1666
1759
2382
2852
3147
3339
3634
3777
4139
4308
4441
4610
5000
6532
6619
7333
7450
7748
8145
8227
8274
9179
9391
9531
9590
9898
10411
10812
10827
11973
13121
13335
13635
14676
14810
14991
15153
15661
15723
15837
16145
16515
16713
17191
17305
17500
18095
18256
18307
20458
22911
22938
23997
24235
24877
25357
25568
26244
26664
26980
26992
27081
27261
27715
29314
29547
30956
31150
31270
31576
31631
31971
32669
32859
34163
34996
35462
36392
37276
37537
37884
39270
40066
41102
41110
41548
41588
42707
43160
43762
44425
44648
44673
45390
45526
45932
46542
47170
47735
48011
48484
49309
51286
55196
55628
55789
57504
59549
59822
61415
61604
61940
63594
65317
65658
67490
67817
70123
75347
75418
75502
75778
76629
77154
78556
78730
78802
78988
79398
80766
80837
81003
81177
82142
83088
83950
87330
89582
91752
91893
92164
92519
93159
96128
98052
99669
101118
105311
106051
107840
108714
109030
110890
111507
112409
114646
114886
118896
119522
127669
131061
133044
136375
138052
139336
140428
141306
144650
144832
144969
146713
146834
147442
150629
151468
152768
154789
155774
156265
158958
160194
162172
163579
163685
164108
166754
167822
171248
174389
174420
176015
176977
177145
177943
179259
179719
179722
180572
181070
181283
181839
183407
184544
185231
185730
186383
186766
192369
192505
193774
194510
197432
198765
199594
204299
207696
207848
209389
212658
214463
214877
217352
225489
226820
227885
248374
249576
249935
275882
280822
287440
289115
293183
293585
293633
307521
314328
314330
315236
323762
323815
323934
324796
325071
325683
325969
326133
326174
329040
329983
330177
331730
331882
335554
337273
341475
342557
346081
346668
351072
351830
352558
359565
362046
368706
385072
385641
386586
416245
431007
436331
462893
464873
498273
515142
533218
537588
576352
579721
30
108
191
411
477
737
797
802
1294
1348
1703
1808
2024
2107
2198
2384
2410
2484
2603
2950
2975
3023
3094
3141
3229
3315
3340
3671
3734
3944
3994
4111
4127
4559
4565
4963
5042
5853
6413
6479
6523
6699
6717
7053
7075
8359
9133
9524
9615
9708
10061
10489
10891
10914
10936
11097
11115
11153
11615
11881
12664
12712
13730
13986
14475
14547
14663
15406
15469
15737
15747
15775
16022
16718
16802
17047
17053
18683
18774
19499
19681
20240
20668
21265
21772
21938
21976
22101
23381
23832
25593
26021
26352
26604
26893
27446
28418
28420
29007
30414
31026
31152
31181
31954
32834
32939
33130
35438
35937
36085
36342
36522
37319
37910
39550
40190
40281
40678
40725
41236
41291
41373
42103
42378
43097
45230
45244
46197
46713
47093
47308
47928
49057
50478
51000
51375
51825
52861
53087
53818
54137
54349
54918
57263
57609
58150
58995
60532
61739
61951
63026
63604
63611
63659
64200
64514
64983
65103
65465
65501
66276
66477
66672
66684
67026
67503
67783
67940
70634
72967
73502
74861
77532
78706
79114
79435
79546
79969
79998
80195
80735
82336
82784
84126
86702
87209
87253
88595
89509
89957
90159
90502
90726
92230
93211
93877
95957
97996
99819
102574
103097
104094
105593
106287
106821
106978
107212
108651
110544
110639
112947
116486
116991
121565
122183
127707
127890
129859
130653
133421
134246
142100
145629
148510
153341
159064
160833
161890
161908
162030
165883
168448
170717
175015
176320
176751
176884
176970
177595
178386
179198
181437
181904
181941
182119
183269
185390
186170
186794
188673
189022
189459
189632
189697
191846
192054
192096
193153
193417
194922
196081
196606
198076
198574
201031
209672
213742
218760
226159
228680
229510
237670
239639
241011
242260
252007
264037
266167
270330
273770
286211
289986
290320
293244
306344
314765
314925
316930
324257
326114
326764
327462
329344
329937
330392
330959
331203
342882
343219
343327
343375
343790
344852
345800
347298
347447
347537
349273
352606
352679
352740
353116
353390
353717
354760
355043
355746
356626
357672
357920
358361
358433
359390
360264
360479
360813
361308
363068
363199
365480
365498
365783
366646
366962
367877
367891
369345
371004
371709
371959
374273
378694
382737
383361
383370
385613
386234
386609
387472
387918
388144
388669
390031
392753
413986
417968
457794
474847
478403
494603
539405
544010
242
283
788
794
826
1098
1384
1875
2360
3120
3210
3439
3700
3704
3710
4510
4850
5017
5263
5265
5542
5639
5956
6676
6809
6930
7016
7272
7591
8235
8602
8629
8646
8662
9000
9344
9396
9560
9973
10091
10222
10520
10591
10970
11467
11720
11849
11962
12022
12672
12801
12882
13299
13354
13844
13875
14498
14725
14966
15058
15129
16115
16290
16855
16909
16970
17237
17283
17479
17485
17810
17925
18055
18314
18331
18877
19085
19972
20009
20233
20300
20423
21329
22250
22347
22659
22939
23223
23455
23579
24544
25105
25540
25616
26333
26343
26684
27079
27211
27519
27549
27609
27920
28378
28679
28876
29073
29476
31046
31060
31103
31514
31927
33223
33444
34022
34052
35513
36151
36169
36364
36404
37152
37203
37287
37622
38031
38208
38768
38919
39749
40056
40672
40835
41029
42560
42634
42714
43548
44287
44289
46159
46689
47097
48128
49009
49721
50365
50539
51017
51321
51821
52207
53086
54097
54532
55130
56344
56448
56597
56723
56729
57235
57651
58002
58591
61875
61945
61947
62924
63058
64976
65518
66366
67334
70235
71104
71319
72053
74553
75883
80781
83273
83373
83897
84274
85742
86040
86157
87544
87947
88397
88518
88611
90525
93599
93635
93808
94378
94654
94859
96381
97010
97771
98897
100455
101136
104926
108116
108290
108439
111846
112775
113075
113373
114954
115774
117092
121830
122302
122845
124491
124591
124897
129795
132974
134715
138646
138788
139088
139331
139580
139617
139970
142493
150864
151338
153538
157077
158360
158959
160308
162000
163018
164249
167420
169516
170347
171318
174811
175200
175918
176088
180434
181414
182702
186224
187383
187525
187590
187891
188247
189254
190488
191221
191317
191495
192050
192419
193953
194774
194976
195340
195410
195483
197249
197352
200433
202127
202806
203080
203998
205272
211905
216200
219190
219833
224291
233817
236624
242771
253828
255284
258049
265788
267007
277181
281521
283358
294327
299310
314277
314362
314376
317402
319048
325343
325989
326184
327169
327735
328602
328750
329006
331309
332228
334169
334190
334806
336421
336561
336740
337837
340455
341124
343670
345074
345507
346012
347353
349449
351956
353020
354380
355193
360480
364026
365222
369295
375161
384835
385518
385546
386090
413198
435609
481519
495837
499500
499845
507714
508336
545688
567325
571295
579598
579640
11
36
132
446
452
515
628
683
869
1132
1144
1390
1430
1492
1498
1573
1668
1732
1885
1953
2189
2761
2786
3167
3561
3799
4042
4311
4384
4450
4611
4738
4847
4906
4923
5027
5070
5097
5233
5324
5628
6000
6112
6115
6542
6756
7007
7107
7397
9384
9409
9526
9774
9940
10004
10076
10528
10945
11611
11767
12216
12237
12316
12394
12727
12811
12910
13076
13548
13561
13588
14076
14260
14272
14476
15013
15392
15594
15999
16218
17089
17321
17846
18156
18209
19351
19468
19528
19689
20442
21451
21586
22068
22899
23141
23245
23952
24418
24686
25137
25467
25911
25947
26823
26919
27766
27916
28363
28365
28537
28689
29136
29499
29500
29648
30450
30509
31141
32396
32444
33905
33996
34230
34456
35065
35343
35650
36336
36471
36894
37227
37254
37480
37631
38563
38597
39400
39654
40423
40712
40822
41680
42998
43769
43829
45717
45831
46183
47443
48849
49785
50058
50479
50980
52212
52741
52826
56393
56547
56629
57188
58143
58371
58817
59977
60333
60366
60751
60838
61238
61263
62347
62654
64950
65096
65669
66763
68532
70063
70237
70884
71274
71910
73573
74626
75229
75633
75740
78973
79765
80093
83236
84243
84395
84778
85575
86383
87111
87244
88537
89025
90984
93750
94542
96111
96204
96281
97235
97242
97547
97570
99073
99393
100228
100574
104512
105064
105100
108262
108567
109461
109604
110757
112842
114667
116614
117916
119139
121012
122198
125716
127001
131703
132402
132461
133147
133207
133658
136087
136367
138064
139044
140273
142560
144812
147285
149770
150510
158311
158584
161324
164209
164839
165046
165887
175388
175948
176635
177325
177700
177871
178163
178286
178849
179140
179738
179826
180897
181391
182692
184425
185994
186526
186850
188734
189382
189838
190139
190289
191263
191288
192595
193175
194757
195550
197348
198703
200939
203609
203624
203783
204254
204595
204843
205239
209243
210712
213996
214780
217499
218905
222424
223669
224849
225040
230886
239982
244680
245610
248490
260600
271510
272408
276669
280519
287264
288667
290666
291727
299319
315068
320171
324561
324741
325802
326028
328327
328917
329669
332154
333964
334329
334538
336299
336353
336656
336830
337410
337796
339771
340716
341066
342177
342391
342892
344907
345362
345379
348456
349839
350420
351346
351728
352996
353216
353829
353904
355041
356427
357599
357749
359182
359857
361777
362172
362371
363409
364285
366667
372708
378083
382759
385175
385199
385402
385507
385517
385901
387170
387412
388324
388395
388977
421591
484727
486759
491785
494857
495871
496032
500228
538127
541527
560339
576378
578317
579849
580100
489
618
692
1112
1278
1648
1784
1824
1846
2132
2200
2392
2430
2450
2471
2492
2496
2948
3130
3420
3430
3443
3515
3560
3742
4092
4215
4299
4534
4571
4616
4685
4707
5160
5191
5370
5753
5758
5925
5942
6370
6589
6873
7006
7065
7648
7886
8012
8186
8334
8734
8826
9025
9498
9532
9638
9707
9748
9879
10002
10020
10242
10803
11142
11495
11530
11608
11975
12028
12245
12477
12670
13008
13038
13150
13444
13922
14009
15160
15200
15487
16752
16959
17265
17267
17695
17832
17866
17899
18021
19513
19588
19840
19888
19973
20109
20286
20326
20660
20661
21330
21590
22054
22851
24444
24471
24652
25022
25078
25373
25498
26023
26109
26809
26895
28724
29192
29425
29623
29634
30403
30429
31870
32085
32273
32947
33103
33345
33580
33801
34275
34666
34863
35278
35315
36004
36164
36640
36673
36686
36776
36924
37541
37715
37906
37971
38121
38179
39198
39462
40737
40786
40895
41059
41109
41149
41194
43135
43728
43901
45022
45395
46017
46534
46659
46707
46820
46840
47162
47207
47384
47821
47914
48662
48687
48712
48853
49104
49738
50081
50312
50795
51080
51761
52873
54653
54962
55067
55902
56714
57402
57579
58084
58312
58628
58891
59073
59411
62087
62273
62982
63263
63585
64239
64264
65016
65048
65217
65380
65977
66091
66479
67873
68278
69493
69767
70834
71865
72115
72297
72689
73885
74734
75701
76068
77543
78427
78712
79745
80945
81057
82826
82994
84008
84810
84879
85248
86348
86508
86678
86759
86927
88898
89920
90035
90422
92160
93678
93964
94135
94912
96005
98242
98740
100307
101419
102918
103810
104306
104603
105645
105650
107905
108002
108409
108423
109658
110824
110990
111156
114786
116522
118050
119392
121561
124808
125260
127652
128099
128715
132628
132831
138117
138146
139295
139890
140860
141226
142670
147621
147814
148663
151379
151709
152142
152195
152380
152782
153838
154476
154917
155038
155369
156351
156711
158858
159621
160416
164397
165019
165578
165789
166013
171219
171646
171942
174796
174824
176134
176336
176537
176911
177106
177617
179141
179459
179890
180198
180425
180534
180619
180641
180653
181113
181651
182467
182496
182906
182995
183017
183984
184424
184452
185366
185594
186132
186384
187626
188687
189024
189230
189505
189564
190838
191241
191295
191411
192016
192691
192692
192807
192844
192934
193050
193471
193529
195078
195144
197751
197989
199085
199134
199396
200544
200923
201657
202227
202466
204329
206793
210899
213551
214584
214922
214960
215367
215449
222988
223790
227038
227711
228648
230745
236992
239722
239943
245115
246138
256618
257489
258759
261169
261641
263995
267912
268167
268260
271339
275833
281483
282685
284769
286645
286912
289985
295274
295282
308938
309073
309705
313719
314360
314778
316048
316832
316835
327039
327846
329073
329081
329734
330213
330490
331790
333525
333668
334933
336163
336446
337882
338213
338691
338941
339161
339726
340076
340986
341219
341469
342310
342967
343246
343426
343719
344641
344775
344899
345521
345918
346066
346363
346670
347036
347045
347278
347375
347422
347525
347907
348138
348156
348844
349298
349308
349385
349581
349646
349910
349948
350216
351212
351362
351425
351689
351703
351793
352235
352397
352508
352695
353011
353444
353611
354576
355063
355107
355300
355697
355712
355773
355789
356896
357570
357653
357980
358443
358445
358701
358979
359817
359890
360972
361180
361841
362004
362325
362776
363191
363200
363231
363742
364460
364682
364756
364889
365043
365356
365405
365428
365607
367680
368813
369061
369065
369195
370723
371154
371546
372395
372565
372616
383344
384151
384806
384917
384964
385430
385793
386241
388594
390600
393598
418560
426477
440716
441429
447994
455162
462077
465891
473586
484745
491787
494655
495006
495238
495287
495345
495382
495650
495843
497167
497565
505739
511486
516329
523086
527662
537512
548622
548929
552829
553084
556272
576015
579605
252
331
474
506
568
655
907
958
1002
1009
1090
1242
1246
1330
1413
1693
2104
2646
2879
2933
3168
3282
3477
3544
3595
3707
3897
3992
4146
4284
4327
4375
4385
4569
4708
4725
4809
5007
5196
5276
5287
5377
5429
5550
5759
5824
5986
6070
6127
6141
6760
6814
6820
6916
7021
7027
7060
7366
7402
7677
7818
7985
8077
8172
8294
8607
8627
8643
9004
9231
9425
9444
9866
10072
10099
10286
10316
10450
10476
10625
10862
10940
10981
11020
11275
11414
11947
12085
12258
12519
12590
12634
12722
12887
12975
13264
13394
13468
13495
13591
13679
13771
13970
14482
14514
14950
15389
15748
15882
16134
16142
16527
16541
16557
16816
17315
17471
17548
17573
17585
17975
18119
18237
18566
18685
19658
19967
20027
20274
20659
21006
21166
21266
21599
22139
22307
22399
22981
23038
23246
23680
23792
23803
24225
24229
24923
25064
25190
25226
25300
25474
26039
26544
27087
27599
27658
28497
29358
29361
29600
29755
29802
29869
30352
31286
31381
31406
31502
31946
32366
32536
33003
33040
33044
33994
34061
34182
34244
34779
34874
34938
35219
35223
35444
36557
36739
36816
36893
37516
37843
37909
38412
38790
39110
39262
39614
40038
40079
40621
40985
41722
43328
43661
43879
44185
44303
44502
44950
45031
45076
46040
46369
46485
47153
47317
47761
47806
47825
47984
47986
48893
49005
49187
49424
50604
50653
51202
51218
51521
52179
52198
52566
54277
54738
55430
55945
56080
56278
56490
56970
57065
57308
57454
57622
58179
58563
58985
59538
61340
62490
63106
63122
63496
63948
64191
64265
65515
65670
65947
65982
66031
67514
67619
67676
67679
68046
68181
68268
68790
68974
68977
69133
