79435
79546
79969
79998
80195
80735
82336
82784
84126
86702
87209
87253
88595
89509
89957
90159
90502
90726
92230
93211
93877
95957
97996
99819
102574
103097
104094
105593
106287
106821
106978
107212
108651
110544
110639
112947
116486
116991
121565
122183
127707
127890
129859
130653
133421
134246
142100
145629
148510
153341
159064
160833
161890
161908
162030
165883
168448
170717
175015
176320
176751
176884
176970
177595
178386
179198
181437
181904
181941
182119
183269
185390
186170
186794
188673
189022
189459
189632
189697
191846
192054
192096
193153
193417
194922
196081
196606
198076
198574
201031
209672
213742
218760
226159
228680
229510
237670
239639
241011
242260
252007
264037
266167
270330
273770
286211
289986
290320
293244
306344
314765
314925
316930
324257
326114
326764
327462
329344
329937
330392
330959
331203
342882
343219
343327
343375
343790
344852
345800
347298
347447
347537
349273
352606
352679
352740
353116
353390
353717
354760
355043
355746
356626
357672
357920
358361
358433
359390
360264
360479
360813
361308
363068
363199
365480
365498
365783
366646
366962
367877
367891
369345
371004
371709
371959
374273
378694
382737
383361
383370
385613
386234
386609
387472
387918
388144
388669
390031
392753
413986
417968
457794
474847
478403
494603
539405
544010
242
283
788
794
826
1098
1384
1875
2360
3120
3210
3439
3700
3704
3710
4510
4850
5017
5263
5265
5542
5639
5956
6676
6809
6930
7016
7272
7591
8235
8602
8629
8646
8662
9000
9344
9396
9560
9973
10091
10222
10520
10591
10970
11467
11720
11849
11962
12022
12672
12801
12882
13299
13354
13844
13875
14498
14725
14966
15058
15129
16115
16290
16855
16909
16970
17237
17283
17479
17485
17810
17925
18055
18314
18331
18877
19085
19972
20009
20233
20300
20423
21329
22250
22347
22659
22939
23223
23455
23579
24544
25105
25540
25616
26333
26343
26684
27079
27211
27519
27549
27609
27920
28378
28679
28876
29073
29476
31046
31060
31103
31514
31927
33223
33444
34022
34052
35513
36151
36169
36364
36404
37152
37203
37287
37622
38031
38208
38768
38919
39749
40056
40672
40835
41029
42560
42634
42714
43548
44287
44289
46159
46689
47097
48128
49009
49721
50365
50539
51017
51321
51821
52207
53086
54097
54532
55130
56344
56448
56597
56723
56729
57235
57651
58002
58591
61875
61945
61947
62924
63058
64976
65518
66366
67334
70235
71104
71319
72053
74553
75883
80781
83273
83373
83897
84274
85742
86040
86157
87544
87947
88397
88518
88611
90525
93599
93635
93808
94378
94654
94859
96381
97010
97771
98897
100455
101136
104926
108116
108290
108439
111846
112775
113075
113373
114954
115774
117092
121830
122302
122845
124491
124591
124897
129795
132974
134715
138646
138788
139088
139331
139580
139617
139970
142493
150864
151338
153538
157077
158360
158959
160308
162000
163018
164249
167420
169516
170347
171318
174811
175200
175918
176088
180434
181414
182702
186224
187383
187525
187590
187891
188247
189254
190488
191221
191317
191495
192050
192419
193953
194774
194976
195340
195410
195483
197249
197352
200433
202127
202806
203080
203998
205272
211905
216200
219190
219833
224291
233817
236624
242771
253828
255284
258049
265788
267007
277181
281521
283358
294327
299310
314277
314362
314376
317402
319048
325343
325989
326184
327169
327735
328602
328750
329006
331309
332228
334169
334190
334806
336421
336561
336740
337837
340455
341124
343670
345074
345507
346012
347353
349449
351956
353020
354380
355193
360480
364026
365222
369295
375161
384835
385518
385546
386090
413198
435609
481519
495837
499500
499845
507714
508336
545688
567325
571295
579598
579640
11
36
132
446
452
515
628
683
869
1132
1144
1390
1430
1492
1498
1573
1668
1732
1885
1953
2189
2761
2786
3167
3561
3799
4042
4311
4384
4450
4611
4738
4847
4906
4923
5027
5070
5097
5233
5324
5628
6000
6112
6115
6542
6756
7007
7107
7397
9384
9409
9526
9774
9940
10004
10076
10528
10945
11611
11767
12216
12237
12316
12394
12727
12811
12910
13076
13548
13561
13588
14076
14260
14272
14476
15013
15392
15594
15999
16218
17089
17321
17846
18156
18209
19351
19468
19528
19689
20442
21451
21586
22068
22899
23141
23245
23952
24418
24686
25137
25467
25911
25947
26823
26919
27766
27916
28363
28365
28537
28689
29136
29499
29500
29648
30450
30509
31141
32396
32444
33905
33996
34230
34456
35065
35343
35650
36336
36471
36894
37227
37254
37480
37631
38563
38597
39400
39654
40423
40712
40822
41680
42998
43769
43829
45717
45831
46183
47443
48849
49785
50058
50479
50980
52212
52741
52826
56393
56547
56629
57188
58143
58371
58817
59977
60333
60366
60751
60838
61238
61263
62347
62654
64950
65096
65669
66763
68532
70063
70237
70884
71274
71910
73573
74626
75229
75633
75740
78973
79765
80093
83236
84243
84395
84778
85575
86383
87111
87244
88537
89025
90984
93750
94542
96111
96204
96281
97235
97242
97547
97570
99073
99393
100228
100574
104512
105064
105100
108262
108567
109461
109604
110757
112842
114667
116614
117916
119139
121012
122198
125716
127001
131703
132402
132461
133147
133207
133658
136087
136367
138064
139044
140273
142560
144812
147285
149770
150510
158311
158584
161324
164209
164839
165046
165887
175388
175948
176635
177325
177700
177871
178163
178286
178849
179140
179738
179826
180897
181391
182692
184425
185994
186526
186850
188734
189382
189838
190139
190289
191263
191288
192595
193175
194757
195550
197348
198703
200939
203609
203624
203783
204254
204595
204843
205239
209243
210712
213996
214780
217499
218905
222424
223669
224849
225040
230886
239982
244680
245610
248490
260600
271510
272408
276669
280519
287264
288667
290666
291727
299319
315068
320171
324561
324741
325802
326028
328327
328917
329669
332154
333964
334329
334538
336299
336353
336656
336830
337410
337796
339771
340716
341066
342177
342391
342892
344907
345362
345379
348456
349839
350420
351346
351728
352996
353216
353829
353904
355041
356427
357599
357749
359182
359857
361777
362172
362371
363409
364285
366667
372708
378083
382759
385175
385199
385402
385507
385517
385901
387170
387412
388324
388395
388977
421591
484727
486759
491785
494857
495871
496032
500228
538127
541527
560339
576378
578317
579849
580100
489
618
692
1112
1278
1648
1784
1824
1846
2132
2200
2392
2430
2450
2471
2492
2496
2948
3130
3420
3430
3443
3515
3560
3742
4092
4215
4299
4534
4571
4616
4685
4707
5160
5191
5370
5753
5758
5925
5942
6370
6589
6873
7006
7065
7648
7886
8012
8186
8334
8734
8826
9025
9498
9532
9638
9707
9748
9879
10002
10020
10242
10803
11142
11495
11530
11608
11975
12028
12245
12477
12670
13008
13038
13150
13444
13922
14009
15160
15200
15487
16752
16959
17265
17267
17695
17832
17866
17899
18021
19513
19588
19840
19888
19973
20109
20286
20326
20660
20661
21330
21590
22054
22851
24444
24471
24652
25022
25078
25373
25498
26023
26109
26809
26895
28724
29192
29425
29623
29634
30403
30429
31870
32085
32273
32947
33103
33345
33580
33801
34275
34666
34863
35278
35315
36004
36164
36640
36673
36686
36776
36924
37541
37715
37906
37971
38121
38179
39198
39462
40737
40786
40895
41059
41109
41149
41194
43135
43728
43901
45022
45395
46017
46534
46659
46707
46820
46840
47162
47207
47384
47821
47914
48662
48687
48712
48853
49104
49738
50081
50312
50795
51080
51761
52873
54653
54962
55067
55902
56714
57402
57579
58084
58312
58628
58891
59073
59411
62087
62273
62982
63263
63585
64239
64264
65016
65048
65217
65380
65977
66091
66479
67873
68278
69493
69767
70834
71865
72115
72297
72689
73885
74734
75701
76068
77543
78427
78712
79745
80945
81057
82826
82994
84008
84810
84879
85248
86348
86508
86678
86759
86927
88898
89920
90035
90422
92160
93678
93964
94135
94912
96005
98242
98740
100307
101419
102918
103810
104306
104603
105645
105650
107905
108002
108409
108423
109658
110824
110990
111156
114786
116522
118050
119392
121561
124808
125260
127652
128099
128715
132628
132831
138117
138146
139295
139890
140860
141226
142670
147621
147814
148663
151379
151709
152142
152195
152380
152782
153838
154476
154917
155038
155369
156351
156711
158858
159621
160416
164397
165019
165578
165789
166013
171219
171646
171942
174796
174824
176134
176336
176537
176911
177106
177617
179141
179459
179890
180198
180425
180534
180619
180641
180653
181113
181651
182467
182496
182906
182995
183017
183984
184424
184452
185366
185594
186132
186384
187626
188687
189024
189230
189505
189564
190838
191241
191295
191411
192016
192691
192692
192807
192844
192934
193050
193471
193529
195078
195144
197751
197989
199085
199134
199396
200544
200923
201657
202227
202466
204329
206793
210899
213551
214584
214922
214960
215367
215449
222988
223790
227038
227711
228648
230745
236992
239722
239943
245115
246138
256618
257489
258759
261169
261641
263995
267912
268167
268260
271339
275833
281483
282685
284769
286645
286912
289985
295274
295282
308938
309073
309705
313719
314360
314778
316048
316832
316835
327039
327846
329073
329081
329734
330213
330490
331790
333525
333668
334933
336163
336446
337882
338213
338691
338941
339161
339726
340076
340986
341219
341469
342310
342967
343246
343426
343719
344641
344775
344899
345521
345918
346066
346363
346670
347036
347045
347278
347375
347422
347525
347907
348138
348156
348844
349298
349308
349385
349581
349646
349910
349948
350216
351212
351362
351425
351689
351703
351793
352235
352397
352508
352695
353011
353444
353611
354576
355063
355107
355300
355697
355712
355773
355789
356896
357570
357653
357980
358443
358445
358701
358979
359817
359890
360972
361180
361841
362004
362325
362776
363191
363200
363231
363742
364460
364682
364756
364889
365043
365356
365405
365428
365607
367680
368813
369061
369065
369195
370723
371154
371546
372395
372565
372616
383344
384151
384806
384917
384964
385430
385793
386241
388594
390600
393598
418560
426477
440716
441429
447994
455162
462077
465891
473586
484745
491787
494655
495006
495238
495287
495345
495382
495650
495843
497167
497565
505739
511486
516329
523086
527662
537512
548622
548929
552829
553084
556272
576015
579605
252
331
474
506
568
655
907
958
1002
1009
1090
1242
1246
1330
1413
1693
2104
2646
2879
2933
3168
3282
3477
3544
3595
3707
3897
3992
4146
4284
4327
4375
4385
4569
4708
4725
4809
5007
5196
5276
5287
5377
5429
5550
5759
5824
5986
6070
6127
6141
6760
6814
6820
6916
7021
7027
7060
7366
7402
7677
7818
7985
8077
8172
8294
8607
8627
8643
9004
9231
9425
9444
9866
10072
10099
10286
10316
10450
10476
10625
10862
10940
10981
11020
11275
11414
11947
12085
12258
12519
12590
12634
12722
12887
12975
13264
13394
13468
13495
13591
13679
13771
13970
14482
14514
14950
15389
15748
15882
16134
16142
16527
16541
16557
16816
17315
17471
17548
17573
17585
17975
18119
18237
18566
18685
19658
19967
20027
20274
20659
21006
21166
21266
21599
22139
22307
22399
22981
23038
23246
23680
23792
23803
24225
24229
24923
25064
25190
25226
25300
25474
26039
26544
27087
27599
27658
28497
29358
29361
29600
29755
29802
29869
30352
31286
31381
31406
31502
31946
32366
32536
33003
33040
33044
33994
34061
34182
34244
34779
34874
34938
35219
35223
35444
36557
36739
36816
36893
37516
37843
37909
38412
38790
39110
39262
39614
40038
40079
40621
40985
41722
43328
43661
43879
44185
44303
44502
44950
45031
45076
46040
46369
46485
47153
47317
47761
47806
47825
47984
47986
48893
49005
49187
49424
50604
50653
51202
51218
51521
52179
52198
52566
54277
54738
55430
55945
56080
56278
56490
56970
57065
57308
57454
57622
58179
58563
58985
59538
61340
62490
63106
63122
63496
63948
64191
64265
65515
65670
65947
65982
66031
67514
67619
67676
67679
68046
68181
68268
68790
68974
68977
69133
70960
71569
72096
73066
73120
74056
74063
74590
75929
75953
77279
77669
79179
79879
80017
80496
81638
82715
83627
84106
84713
84919
85729
87345
87425
88856
89516
93551
94792
94950
95663
96555
96578
96948
98457
98630
99186
99492
100465
103696
104897
105937
109399
110794
112033
115213
115560
115794
116270
118007
118090
120043
120843
122004
123019
124343
124344
124360
124667
126173
127083
127121
128147
128196
128331
129358
130144
132957
133127
133258
136629
139110
140321
141895
142417
142963
144152
144821
147122
148500
149969
151073
151358
151370
152320
153841
156947
159427
160516
163354
165148
165964
166042
166801
170363
170603
172669
173255
173652
174821
175140
176765
176806
178582
179498
181547
182143
182403
183073
183498
184500
185887
186319
186868
188189
188637
188843
189497
189763
191346
191570
192258
192482
193130
194095
194311
194788
194993
195282
195355
195590
195615
196166
197088
199172
200528
200540
200595
200786
200888
200986
202202
202609
203932
204739
204909
207056
207078
208999
212431
219835
221337
224909
226028
227442
230913
230946
234090
236475
236972
238821
244012
253876
255074
259251
268346
271260
277100
282577
287814
287838
289874
290274
290696
299538
314223
314419
314462
315133
315718
316014
316566
324320
324981
325547
326791
327023
327819
328223
329060
333025
333460
334610
334612
335018
335284
335510
336355
336594
337266
341590
344759
345716
345721
347385
347616
348325
350439
350464
350795
351550
352636
353925
355288
355861
358958
359847
360477
360478
362562
363126
363510
366665
367845
368327
370228
372679
374755
384939
385249
385418
385446
385449
385520
386064
386092
386371
386594
386779
387441
387762
388057
388132
388514
388991
390041
390833
392027
418718
423177
426964
440271
445349
448198
474548
474876
477266
480055
484766
491703
496567
496568
503555
521299
524913
554892
557697
563232
565808
579701
141
266
339
352
529
577
799
927
984
1058
1082
1169
1182
1198
1217
1311
1557
1639
1669
1713
1763
1854
1886
1911
1916
2135
2161
2249
2296
2572
2583
2666
2713
2771
2788
2815
2818
2888
2931
2962
3022
3075
3156
3170
3286
3382
3400
3490
3606
3623
3835
4106
4283
4323
4396
4412
4437
4594
4933
5115
5147
5175
5346
5409
5536
5622
5643
5705
5916
5943
5973
6110
6499
6502
6510
6521
7356
7813
7825
8005
8035
8062
8341
8405
8426
8432
8545
8663
8709
8868
9060
9339
9900
10590
10603
10736
10933
11289
11524
11589
11620
11686
11862
11963
12000
12149
12221
12321
12374
12415
12641
12728
12847
12953
13079
13093
13124
13254
13357
13774
13945
13999
14013
14609
15276
15415
15542
15676
16139
16549
16589
16644
16654
16820
16957
16993
17247
17319
17455
17528
17575
17676
17755
17770
17796
17909
18201
18659
18869
18927
19423
19428
19769
19911
20015
20101
20744
20898
21120
21158
21195
21230
21261
21762
22040
22719
23070
23403
23502
23740
24012
24082
25427
26614
26731
26760
26851
26884
27264
27605
28233
28699
28720
29626
29899
29932
30110
30488
31215
31309
31603
31761
31842
31847
31937
32128
32728
32845
32919
33778
33909
34062
34190
34443
34642
35181
36227
36440
36683
37105
37175
37553
37568
37824
38016
38364
39024
41026
41410
41418
42242
42864
43610
43647
43952
44507
44946
45243
45477
45676
45991
46056
46254
46493
46828
46909
46991
47249
47361
47478
47617
48033
48070
48270
48864
49169
49543
50808
51333
51361
51600
52194
53044
53100
53519
53676
55611
55990
55997
56286
56441
57000
57032
57502
57763
58014
58722
59138
59463
59692
60695
60762
60800
61355
61809
61903
62448
62817
63243
63630
64504
65192
65349
65429
65544
67213
68035
70998
71185
71249
71303
71827
71984
72467
72604
72640
73110
73142
73642
75287
75634
75677
76920
77123
79341
79410
80504
80630
81318
81922
83427
83924
84170
85490
86489
87236
87440
87608
87661
87992
89029
89667
90992
91405
91462
91745
92310
93063
93876
94155
96316
96515
96570
97561
97770
98256
98733
99173
99378
99965
100052
101026
101667
103240
103422
103663
103713
104397
105104
105171
105850
106069
108048
108223
108898
108995
109043
111305
112085
113206
114330
114797
116001
116089
116218
117514
117946
118850
122679
123525
126530
126600
126647
126695
127255
127568
128242
128664
128858
129348
129706
131633
132801
133075
133671
133682
133842
134200
134281
134289
134529
134888
136126
137063
138088
138111
138179
138598
139318
139566
139975
140246
140799
142978
143527
143901
144769
145152
145396
145788
148463
148530
151052
151482
151819
152149
155242
155549
156570
159411
159808
160377
161434
162505
162577
164111
164569
165174
166658
171203
171306
173052
173426
173433
174691
174770
174841
175242
175298
175356
175455
175518
175990
176377
176481
177365
177857
178072
178533
178554
178587
179142
179204
179295
179425
179924
180913
180969
180981
181323
182286
182761
183362
183457
183552
183964
184050
184222
184234
184863
184971
185092
185575
186449
186612
186634
186935
187338
188234
188706
189492
190202
190294
190615
190807
191487
191973
192274
192547
192568
192766
193030
193177
193190
193635
194437
194477
195256
195530
197246
197951
198145
200690
200891
202572
204693
205420
207089
208249
210324
211752
213534
220897
222726
223587
223782
226202
227134
229558
230015
233532
233542
235696
235788
237914
237931
240278
241088
242804
242875
249210
249936
253634
255423
261876
272373
272681
272967
274469
275206
275872
279152
279901
282192
282730
282757
287519
288080
293349
294670
294715
295236
298335
315326
316003
316067
320432
324145
324237
324480
324834
325341
325358
325581
326167
326215
326976
327181
327352
327837
328147
328894
329193
329211
329335
329989
331259
331550
331862
332176
332545
334395
334541
336196
336883
337358
337650
338714
339397
339772
341147
341440
341447
341549
342661
342866
342869
343831
343942
344399
344433
344728
347858
348570
349322
349567
349864
349971
350446
350787
350799
351332
352133
354009
354640
355617
356072
356109
357598
357728
357987
358604
359896
359948
360680
361679
361774
361933
365335
365592
366628
366892
367255
367603
368254
368758
369894
373046
378628
379443
384799
385187
385356
385367
385440
385494
385554
385589
385614
385885
386265
386878
387222
387365
387413
389760
391209
403876
415201
416474
416506
424060
426577
443854
454846
459380
462030
465666
473711
481482
484882
485729
496732
498198
498374
519630
524413
534749
544173
545441
549809
566832
579865
47
90
153
293
400
521
971
981
1072
1146
1270
1302
1404
1459
1532
1588
1659
1660
1757
1795
1804
1914
2111
2194
2308
2343
2376
2424
2452
2465
2469
2481
2562
2673
2775
2952
2998
3038
3185
3529
3554
3608
3629
3677
3687
3733
3898
3957
3981
4000
4023
4280
4294
4480
4748
4814
4817
5018
5408
6018
6032
6269
6271
6317
6464
6482
6585
6606
6731
6771
6805
6866
7000
7102
7110
7141
7166
7332
7347
7459
7602
7609
7772
8001
8081
8091
8130
8325
8527
8666
9245
9261
9278
9290
9335
9473
9613
9676
9843
9926
10268
10334
10580
10583
10599
10820
11041
11053
11109
11563
11676
11757
11870
11884
12166
12186
12241
12425
12441
12640
12990
13181
13190
13284
13720
13724
14077
14105
14124
14131
14350
14543
15034
15590
15951
16019
16343
16591
16671
16725
16737
17027
17140
17157
17273
17745
17775
18234
18238
18373
18490
18591
18673
18733
19199
19373
19460
19687
19786
19866
19941
20179
20187
20695
21485
21988
22386
22547
22565
22960
23382
23563
23893
24004
24094
24139
24281
24357
24478
24559
24763
25003
25113
25650
25723
25777
26488
26694
26745
26948
28029
28163
28263
28837
29050
29583
29888
29911
30178
30842
31155
31268
31273
31315
31446
31499
31575
32226
32247
32282
32555
32883
33279
33288
33596
33853
34519
34533
34656
35598
35723
35893
36276
36516
36880
37621
38048
38242
38448
38543
38785
39083
39183
39381
39421
39516
39788
40068
40257
40524
41033
41532
41682
41948
41957
41967
42278
42833
43113
43393
43581
44108
44343
44483
44555
44850
45027
46218
46351
46556
46613
46950
47340
48233
48287
48544
48713
48755
49338
49847
50155
50253
50267
50597
50635
50974
50996
51326
51395
51667
51751
52175
52388
52454
53906
54678
55109
55689
56284
56432
56840
56842
56912
57788
57963
57979
58147
58861
58953
59216
59340
59365
59377
59983
60026
60032
60444
60635
60848
61194
61211
61257
62122
62247
62387
62500
62573
63572
63835
63844
63871
63908
64142
64454
65078
65724
66084
66444
66648
67803
68143
68543
69229
69359
69648
69731
70079
70116
70352
70557
70635
70782
70901
71509
71513
71734
71812
72128
72996
73153
73212
74058
75119
75683
75759
75935
76800
77345
77569
77922
78325
78580
78628
79012
79480
79651
80280
80629
81377
81487
81603
81614
83970
83974
84332
84589
84944
84966
86029
86158
86672
86816
87029
88371
88918
89514
90191
90828
91407
91772
92493
92501
92923
93218
94164
94514
94688
95602
95762
96342
96770
97498
97548
98310
99170
100137
100496
100625
100765
100839
101985
102411
102414
102461
102548
103005
103107
103210
103527
103728
104036
104985
107137
107533
108111
108179
108324
108415
109256
109477
109584
110670
111023
111074
111580
112640
112883
114920
115068
116315
116557
119815
120320
120694
121228
121374
121946
123423
123445
124155
124852
124968
125496
127234
127631
127950
128450
128901
129391
130837
131493
131770
131867
131943
132385
133195
134579
134671
134718
135069
135191
136092
136212
136819
139015
139625
140092
142142
142149
142547
143319
144695
145038
146203
147296
147817
149076
149229
152257
152307
153379
153442
153724
154112
155685
158773
160396
160598
161103
161837
162116
162417
163214
165027
166399
167779
168092
170271
171368
171424
171469
171471
173347
174685
175253
175398
175438
175493
175505
175715
175951
175986
176041
176265
176408
176484
176735
177428
177618
177671
177741
177891
177912
177938
178448
178576
178590
178627
179022
179030
179165
179186
179375
179661
179684
179726
179872
179919
180171
180183
180196
180237
180456
180490
180517
180605
180807
181024
181115
181686
182082
182179
182259
182279
182379
182429
182434
182506
182894
182937
183035
183055
183689
183991
184130
184384
184472
184564
184731
184740
184907
184919
185597
185878
185942
186054
186514
186636
186757
186887
186939
187516
187578
187585
187643
187736
187778
187860
188309
188346
188379
188443
188604
188701
188975
189103
189145
189149
189208
189304
189793
189832
190067
190304
190809
190845
191152
191260
191439
191478
191484
191509
191528
191555
191618
191681
191759
191884
191957
192128
192183
192236
192251
192447
192448
192475
192698
192806
193143
193264
193339
193364
193481
193542
193721
193726
193967
194033
194179
194241
194467
194522
194652
194702
194951
195037
195100
195203
195956
196151
196528
196820
197008
197040
198049
198265
198406
198618
198819
199429
199825
200658
200919
200921
201234
203395
203942
206033
208558
208929
210208
210275
210631
210981
211199
213499
213640
216734
216786
216978
217697
219049
219878
220726
222545
222792
223770
224439
224933
225207
225224
226336
226643
228117
228597
229916
231004
231951
233688
233831
235699
237299
240395
240889
242781
244479
244750
245549
247947
249094
251547
252614
252727
253618
254433
254661
255528
257348
259983
260194
261044
263281
270582
273768
277492
279017
280859
281562
282501
287181
287536
289564
289718
290184
292752
293472
297278
297720
302057
304209
305917
314320
314599
314921
314941
315138
316605
317804
323609
324329
324541
325138
325229
325377
325426
325457
326034
326255
326405
326523
326774
327372
327475
327938
329209
329391
331735
331852
333095
333545
334271
334737
335500
336802
336896
338345
338363
339596
339930
340701
341765
342507
342899
342980
343126
343147
343185
343253
343442
343886
343934
344117
344177
344231
344360
344362
344411
345001
345130
345266
345463
345476
345495
345696
345890
345932
346147
346529
346547
346635
346911
346994
347165
347254
347263
347361
347652
347740
347956
348029
348050
348124
348530
348757
348869
348958
349129
349202
349212
349284
349752
349913
350005
350016
350120
350124
350472
350739
350803
351180
351614
351656
351809
351825
351844
352079
352216
352454
353064
353194
353500
353617
354232
354244
354285
354666
354907
354993
355205
355261
355294
355875
355993
356229
356344
356867
356892
357026
357077
357176
357214
357363
357460
357799
357868
358010
358018
358067
358126
358399
358447
358463
358466
358557
358805
359060
359278
359452
359504
359614
359646
359726
359919
360517
360520
360557
360612
360625
360774
360838
361177
361225
361329
361566
361640
361690
361705
361710
362040
362150
362241
362676
362966
363192
363318
363620
363640
363728
364083
364631
365169
365365
365757
365796
365901
366170
366235
366537
366584
366601
366809
366947
367152
367183
367226
367442
367536
367629
367687
367747
368213
368579
369167
369187
369442
369478
369479
370046
370785
370837
371019
371056
371146
372216
372495
372498
372598
372716
372983
373001
373069
373131
374382
374774
380561
380892
381429
383716
384834
384866
385013
385026
385039
385052
385099
385309
385313
385674
385746
385858
386003
386171
386453
386791
387060
387368
387391
387705
391182
395017
397359
422023
422246
428922
430634
437324
437475
443699
445938
448954
452076
452110
456532
466644
468710
468998
476855
479394
480993
488376
494245
494552
494891
494948
494950
495019
495021
495248
495327
495388
495632
496541
496702
496869
497039
497604
498254
499871
513594
521369
524933
525681
546218
549199
551616
552932
561457
568830
570217
576348
576365
579589
579616
579802
2
109
231
256
394
482
499
621
629
689
773
777
877
1029
1037
1038
1116
1158
1208
1240
1412
1526
1615
1738
1794
2061
2138
2231
2235
2236
2295
2300
2338
2349
2358
2532
2641
2668
2733
2784
2963
3178
3306
3318
3588
3802
3843
3899
4134
4193
4496
4556
4567
4706
4776
4865
4974
5029
5047
5108
5356
5471
5563
5581
5601
5683
5728
5955
6101
6132
6201
6282
6324
6338
6503
6527
6543
6617
6848
6876
7026
7034
7093
7133
7180
7432
7589
7695
7874
7892
7941
8179
8577
8625
8630
8717
8820
8983
9012
9194
9214
9280
9334
9426
9478
9529
9713
9948
9967
10108
10206
10306
10418
10544
10753
10838
10901
11008
11277
11341
11488
11537
11737
11799
11886
11908
12240
12430
12523
12793
12803
12878
12942
13404
13474
13639
13739
13820
14012
14263
14375
14379
14491
14974
15109
15294
15429
15438
15521
15600
15659
15693
15884
15983
16061
16165
16316
16867
16893
17196
17257
17449
17826
18406
18561
18626
18667
18724
18970
19063
19536
20163
20188
21156
21289
21343
21413
21415
21853
22041
22450
22734
22785
22971
23107
23291
23319
23368
23551
24233
24253
24516
24685
24760
24849
24857
24926
24927
24963
25133
25241
25270
25380
25656
25661
25883
25906
25932
25952
26209
26421
26451
26464
26725
27082
27542
27738
27750
27954
28055
28074
28153
28156
28534
28845
28890
29107
29775
29822
29975
30458
31078
31126
31440
31504
31609
31648
32435
32657
33017
33121
33554
34250
34420
34718
35228
35290
35324
35921
35974
36243
36693
36839
36896
37099
37274
37469
37587
37800
37841
37890
38540
38853
39004
39100
39113
39148
39737
39886
40465
40943
41350
41369
41546
41767
42166
42201
42478
42739
42958
43146
43164
43289
43347
43649
44240
44294
44333
45002
45112
45141
45574
45628
46030
46136
46181
46953
47182
47426
47444
47466
47679
47947
48235
48336
48364
48807
48889
49170
49227
49373
49384
49516
49611
49774
49814
50279
50422
50503
51147
51555
51814
51897
51908
52202
53213
53218
53238
53279
53526
53740
54611
54695
54891
54990
55996
56279
56417
56716
56804
57077
57096
58015
58025
58102
59062
59082
59143
59324
59358
59427
59795
59829
60929
60998
61456
62517
63805
64319
64623
65473
65729
65804
66101
66651
66959
68506
69057
69312
69714
70473
70623
70958
71211
71912
71952
73295
73878
74141
74238
74710
74953
75289
75711
76150
76259
76567
76936
77748
77769
77927
77959
78030
