88519
135457
185966
317642
494916
10965
14023
14125
18149
18983
20183
22449
23413
27318
29124
31425
32664
40987
182528
184853
205369
323961
378580
386324
827
9293
9998
12905
14903
23457
29962
31819
40150
44607
96802
133366
133417
158876
180815
2892
4599
20873
23655
57477
62776
119910
145147
242624
314244
323964
365401
45
11151
12945
24021
26742
47814
48074
49682
61973
83211
86778
133588
191826
240543
280224
287551
323965
332328
351125
378579
338
2040
16232
24172
25328
29502
48415
61806
64571
72402
103098
120432
133378
140109
149800
158987
209591
355023
378577
537091
547925
654
1589
1636
2921
10501
13306
17584
24929
29089
39755
52176
71041
90646
133271
187234
326004
328924
355040
476776
579596
1151
1343
18589
19642
22253
26613
46589
47298
60204
64299
65232
110440
190933
323649
324667
326924
353666
359050
371506
1312
2961
7575
9540
21822
27036
33289
43242
47506
92050
133812
199748
332086
333029
384988
386831
82
171
1466
2020
3351
5241
5297
13995
15319
24650
26299
28536
32494
37714
38113
65771
84321
135002
159006
178181
287868
342933
348066
348792
351359
385068
67
950
4861
7011
7047
8839
19194
23798
24027
25876
27101
33245
34674
47297
68412
87497
122451
133359
324274
355016
537432
425
2782
3462
3564
5323
10315
11463
14734
16241
22290
22711
24349
26302
26927
27896
44384
47707
56509
97963
125542
133481
148832
248481
323798
386105
483124
552871
12946
16650
16698
17984
26177
31820
39955
40366
45116
54869
59953
61222
87189
122245
133226
133435
161512
179485
191106
192358
203526
230303
330989
335971
349526
353864
359878
367142
609
2427
3116
3873
6831
9365
10780
19582
19913
20115
29979
45213
55396
61078
132697
189951
323754
325634
341158
365048
384987
98
1650
3292
3352
7399
9046
11636
14248
22392
25035
29178
29341
38705
42279
44197
54102
80383
84458
107059
129739
130273
133380
159982
188113
192757
229488
59
3448
4749
9196
11404
13792
15906
19117
26122
40145
44352
48289
61952
78674
79511
84358
91732
109700
133223
133446
146976
155095
160044
323814
385658
894
1577
2795
3680
3955
8793
11578
12311
13359
18479
19162
43203
48793
49819
58933
74872
90796
148758
180827
212430
314544
324294
326137
338784
342422
354931
535665
55
1368
1643
2297
2936
5677
6111
7994
11092
15745
17074
21122
25887
27748
44329
49081
59985
64395
67922
71872
80976
84373
117818
135151
143435
187276
219625
2460
3584
6569
8838
15326
15909
17364
26534
30884
37060
38681
48696
67269
79106
83612
94119
133365
186645
193275
231751
325952
339799
349676
372348
563184
14
1568
2090
7198
9433
9458
10057
13407
14238
17814
18260
18668
19954
20215
20555
24731
28019
37059
63392
73675
76758
104172
108457
140979
145229
179414
328124
328382
530021
1506
2372
2912
4796
11673
14005
15727
16598
20138
24131
35611
41506
53041
62482
64940
73474
112849
133383
133832
136051
138934
139012
160743
194793
325159
341842
350300
351228
351729
352515
555762
128
1032
1275
2391
7080
8560
11571
11643
13876
15796
17716
20265
26976
32309
45401
52184
61608
62995
65299
89479
133440
163791
183076
191769
227756
264616
324325
348834
358828
386164
386291
416073
202
219
928
3018
8127
9034
9392
10813
