70960
71569
72096
73066
73120
74056
74063
74590
75929
75953
77279
77669
79179
79879
80017
80496
81638
82715
83627
84106
84713
84919
85729
87345
87425
88856
89516
93551
94792
94950
95663
96555
96578
96948
98457
98630
99186
99492
100465
103696
104897
105937
109399
110794
112033
115213
115560
115794
116270
118007
118090
120043
120843
122004
123019
124343
124344
124360
124667
126173
127083
127121
128147
128196
128331
129358
130144
132957
133127
133258
136629
139110
140321
141895
142417
142963
144152
144821
147122
148500
149969
151073
151358
151370
152320
153841
156947
159427
160516
163354
165148
165964
166042
166801
170363
170603
172669
173255
173652
174821
175140
176765
176806
178582
179498
181547
182143
182403
183073
183498
184500
185887
186319
186868
188189
188637
188843
189497
189763
191346
191570
192258
192482
193130
194095
194311
194788
194993
195282
195355
195590
195615
196166
197088
199172
200528
200540
200595
200786
200888
200986
202202
202609
203932
204739
204909
207056
207078
208999
212431
219835
221337
224909
226028
227442
230913
230946
234090
236475
236972
238821
244012
253876
255074
259251
268346
271260
277100
282577
287814
287838
289874
290274
290696
299538
314223
314419
314462
315133
315718
316014
316566
324320
324981
325547
326791
327023
327819
328223
329060
333025
333460
334610
334612
335018
335284
335510
336355
336594
337266
341590
344759
345716
345721
347385
347616
348325
350439
350464
350795
351550
352636
353925
355288
355861
358958
359847
360477
360478
362562
363126
363510
366665
367845
368327
370228
372679
374755
384939
385249
385418
385446
385449
385520
386064
386092
386371
386594
386779
387441
387762
388057
388132
388514
388991
390041
390833
392027
418718
423177
426964
440271
445349
448198
474548
474876
477266
480055
484766
491703
496567
496568
503555
521299
524913
554892
557697
563232
565808
579701
141
266
339
352
529
577
799
927
984
1058
1082
1169
1182
1198
1217
1311
1557
1639
1669
1713
1763
1854
1886
1911
1916
2135
2161
2249
2296
2572
2583
2666
2713
2771
2788
2815
2818
2888
2931
2962
3022
3075
3156
3170
3286
3382
3400
3490
3606
3623
3835
4106
4283
4323
4396
4412
4437
4594
4933
5115
5147
5175
5346
5409
5536
5622
5643
5705
5916
5943
5973
6110
6499
6502
6510
6521
7356
7813
7825
8005
8035
8062
8341
8405
8426
8432
8545
8663
8709
8868
9060
9339
9900
10590
10603
10736
10933
11289
11524
11589
11620
11686
11862
11963
12000
12149
12221
12321
12374
12415
12641
12728
12847
12953
13079
13093
13124
13254
13357
13774
13945
13999
14013
14609
15276
15415
15542
15676
16139
16549
16589
16644
16654
16820
16957
16993
17247
17319
17455
17528
17575
17676
17755
17770
17796
17909
18201
18659
18869
18927
19423
19428
19769
19911
20015
20101
20744
20898
21120
21158
21195
21230
21261
21762
22040
22719
23070
23403
23502
23740
24012
24082
25427
26614
26731
26760
26851
26884
27264
27605
28233
28699
28720
29626
29899
29932
30110
30488
31215
31309
31603
31761
31842
31847
31937
32128
32728
32845
32919
33778
33909
34062
34190
34443
34642
35181
36227
36440
36683
37105
37175
37553
37568
37824
38016
38364
39024
41026
41410
41418
42242
42864
43610
43647
43952
44507
44946
45243
45477
45676
45991
46056
46254
46493
46828
46909
46991
47249
47361
47478
47617
48033
48070
48270
48864
49169
49543
50808
51333
51361
51600
52194
53044
53100
53519
53676
55611
55990
55997
56286
56441
57000
57032
57502
57763
58014
58722
59138
59463
59692
60695
60762
60800
61355
61809
61903
62448
62817
63243
63630
64504
65192
65349
65429
65544
67213
68035
70998
71185
71249
71303
71827
71984
72467
72604
72640
73110
73142
73642
75287
75634
75677
76920
77123
79341
79410
80504
80630
81318
81922
83427
83924
84170
85490
86489
87236
87440
87608
87661
87992
89029
89667
90992
91405
91462
91745
92310
93063
93876
94155
96316
96515
96570
97561
97770
98256
98733
99173
99378
99965
100052
101026
101667
103240
103422
103663
103713
104397
105104
105171
105850
106069
108048
108223
108898
108995
109043
111305
112085
113206
114330
114797
116001
116089
116218
117514
117946
118850
122679
123525
126530
126600
126647
126695
127255
127568
128242
128664
128858
129348
129706
131633
132801
133075
133671
133682
133842
134200
134281
134289
134529
134888
136126
137063
138088
138111
138179
138598
139318
139566
139975
140246
140799
142978
143527
143901
144769
145152
145396
145788
148463
148530
151052
151482
151819
152149
155242
155549
156570
159411
159808
160377
161434
162505
162577
164111
164569
165174
166658
171203
171306
173052
173426
173433
174691
174770
174841
175242
175298
175356
175455
175518
175990
176377
176481
177365
177857
178072
178533
178554
178587
179142
179204
179295
179425
179924
180913
180969
180981
181323
182286
182761
183362
183457
183552
183964
184050
184222
184234
184863
184971
185092
185575
186449
186612
186634
186935
187338
188234
188706
189492
190202
190294
190615
190807
191487
191973
192274
192547
192568
192766
193030
193177
193190
193635
194437
194477
195256
195530
197246
197951
198145
200690
200891
202572
204693
205420
207089
208249
210324
211752
213534
220897
222726
223587
223782
226202
227134
229558
230015
233532
233542
235696
235788
237914
237931
240278
241088
242804
242875
249210
249936
253634
255423
261876
272373
272681
272967
274469
275206
275872
279152
279901
282192
282730
282757
287519
288080
293349
294670
294715
295236
298335
315326
316003
316067
320432
324145
324237
324480
324834
325341
325358
325581
326167
326215
326976
327181
327352
327837
328147
328894
329193
329211
329335
329989
331259
331550
331862
332176
332545
334395
334541
336196
336883
337358
337650
338714
339397
339772
341147
341440
341447
341549
342661
342866
342869
343831
343942
344399
344433
344728
347858
348570
349322
349567
349864
349971
350446
350787
350799
351332
352133
354009
354640
355617
356072
356109
357598
357728
357987
358604
359896
359948
360680
361679
361774
361933
365335
365592
366628
366892
367255
367603
368254
368758
369894
373046
378628
379443
384799
385187
385356
385367
385440
385494
385554
385589
385614
385885
386265
386878
387222
387365
387413
389760
391209
403876
415201
416474
416506
424060
426577
443854
454846
459380
462030
465666
473711
481482
484882
485729
496732
498198
498374
519630
524413
534749
544173
545441
549809
566832
579865
47
90
153
293
400
521
971
981
1072
1146
1270
1302
1404
1459
1532
1588
1659
1660
1757
1795
1804
1914
2111
2194
2308
2343
2376
2424
2452
2465
2469
2481
2562
2673
2775
2952
2998
3038
3185
3529
3554
3608
3629
3677
3687
3733
3898
3957
3981
4000
4023
4280
4294
4480
4748
4814
4817
5018
5408
6018
6032
6269
6271
6317
6464
6482
6585
6606
6731
6771
6805
6866
7000
7102
7110
7141
7166
7332
7347
7459
7602
7609
7772
8001
8081
8091
8130
8325
8527
8666
9245
9261
9278
9290
9335
9473
9613
9676
9843
9926
10268
10334
10580
10583
10599
10820
11041
11053
11109
11563
11676
11757
11870
11884
12166
12186
12241
12425
12441
12640
12990
13181
13190
13284
13720
13724
14077
14105
14124
14131
14350
14543
15034
15590
15951
16019
16343
16591
16671
16725
16737
17027
17140
17157
17273
17745
17775
18234
18238
18373
18490
18591
18673
18733
19199
19373
19460
19687
19786
19866
19941
20179
20187
20695
21485
21988
22386
22547
22565
22960
23382
23563
23893
24004
24094
24139
24281
24357
24478
24559
24763
25003
25113
25650
25723
25777
26488
26694
26745
26948
28029
28163
28263
28837
29050
29583
29888
29911
30178
30842
31155
31268
31273
31315
31446
31499
31575
32226
32247
32282
32555
32883
33279
33288
33596
33853
34519
34533
34656
35598
35723
35893
36276
36516
36880
37621
38048
38242
38448
38543
38785
39083
39183
39381
39421
39516
39788
40068
40257
40524
41033
41532
41682
41948
41957
41967
42278
42833
43113
43393
43581
44108
44343
44483
44555
44850
45027
46218
46351
46556
46613
46950
47340
48233
48287
48544
48713
48755
49338
49847
50155
50253
50267
50597
50635
50974
50996
51326
51395
51667
51751
52175
52388
52454
53906
54678
55109
55689
56284
56432
56840
56842
56912
57788
57963
57979
58147
58861
58953
59216
59340
59365
59377
59983
60026
60032
60444
60635
60848
61194
61211
61257
62122
62247
62387
62500
62573
63572
63835
63844
63871
63908
64142
64454
65078
65724
66084
66444
66648
67803
68143
68543
69229
69359
69648
69731
70079
70116
70352
70557
70635
70782
70901
71509
71513
71734
71812
72128
72996
73153
73212
74058
75119
75683
75759
75935
76800
77345
77569
77922
78325
78580
78628
79012
79480
79651
80280
80629
81377
81487
81603
81614
83970
83974
84332
84589
84944
84966
86029
86158
86672
86816
87029
88371
88918
89514
90191
90828
91407
91772
92493
92501
92923
93218
94164
94514
94688
95602
95762
96342
96770
97498
97548
98310
99170
100137
100496
100625
100765
100839
101985
102411
102414
102461
102548
103005
103107
103210
103527
103728
104036
104985
107137
107533
108111
108179
108324
108415
109256
109477
109584
110670
111023
111074
111580
112640
112883
114920
115068
116315
116557
119815
120320
120694
121228
121374
121946
123423
123445
124155
124852
124968
125496
127234
127631
127950
128450
128901
129391
130837
131493
131770
131867
131943
132385
133195
134579
134671
134718
135069
135191
136092
136212
136819
139015
139625
140092
142142
142149
142547
143319
144695
145038
146203
147296
147817
149076
149229
152257
152307
153379
153442
153724
154112
155685
158773
160396
160598
161103
161837
162116
162417
163214
165027
166399
167779
168092
170271
171368
171424
171469
171471
173347
174685
175253
175398
175438
175493
175505
175715
175951
175986
176041
176265
176408
176484
176735
177428
177618
177671
177741
177891
177912
177938
178448
178576
178590
178627
179022
179030
179165
179186
179375
179661
179684
179726
179872
179919
180171
180183
180196
180237
180456
180490
180517
180605
180807
181024
181115
181686
182082
182179
182259
182279
182379
182429
182434
182506
182894
182937
183035
183055
183689
183991
184130
184384
184472
184564
184731
184740
184907
184919
185597
185878
185942
186054
186514
186636
186757
186887
186939
187516
187578
187585
187643
187736
187778
187860
188309
188346
188379
188443
188604
188701
188975
189103
189145
189149
189208
189304
189793
189832
190067
190304
190809
190845
191152
191260
191439
191478
191484
191509
191528
191555
191618
191681
191759
191884
191957
192128
192183
192236
192251
192447
192448
192475
192698
192806
193143
193264
193339
193364
193481
193542
193721
193726
193967
194033
194179
194241
194467
194522
194652
194702
194951
195037
195100
195203
195956
196151
196528
196820
197008
197040
198049
198265
198406
198618
198819
199429
199825
200658
200919
200921
201234
203395
203942
206033
208558
208929
210208
210275
210631
210981
211199
213499
213640
216734
216786
216978
217697
219049
219878
220726
222545
222792
223770
224439
224933
225207
225224
226336
226643
228117
228597
229916
231004
231951
233688
233831
235699
237299
240395
240889
242781
244479
244750
245549
247947
249094
251547
252614
252727
253618
254433
254661
255528
257348
259983
260194
261044
263281
270582
273768
277492
279017
280859
281562
282501
287181
287536
289564
289718
290184
292752
293472
297278
297720
302057
304209
305917
314320
314599
314921
314941
315138
316605
317804
323609
324329
324541
325138
325229
325377
325426
325457
326034
326255
326405
326523
326774
327372
327475
327938
329209
329391
331735
331852
333095
333545
334271
334737
335500
336802
336896
338345
338363
339596
339930
340701
341765
342507
342899
342980
343126
343147
343185
343253
343442
343886
343934
344117
344177
344231
344360
344362
344411
345001
345130
345266
345463
345476
345495
345696
345890
345932
346147
346529
346547
346635
346911
346994
347165
347254
347263
347361
347652
347740
347956
348029
348050
348124
348530
348757
348869
348958
349129
349202
349212
349284
349752
349913
350005
350016
350120
350124
350472
350739
350803
351180
351614
351656
351809
351825
351844
352079
352216
352454
353064
353194
353500
353617
354232
354244
354285
354666
354907
354993
355205
355261
355294
355875
355993
356229
356344
356867
356892
357026
357077
357176
357214
357363
357460
357799
357868
358010
358018
358067
358126
358399
358447
358463
358466
358557
358805
359060
359278
359452
359504
359614
359646
359726
359919
360517
360520
360557
360612
360625
360774
360838
361177
361225
361329
361566
361640
361690
361705
361710
362040
362150
362241
362676
362966
363192
363318
363620
363640
363728
364083
364631
365169
365365
365757
365796
365901
366170
366235
366537
366584
366601
366809
366947
367152
367183
367226
367442
367536
367629
367687
367747
368213
368579
369167
369187
369442
369478
369479
370046
370785
370837
371019
371056
371146
372216
372495
372498
372598
372716
372983
373001
373069
373131
374382
374774
380561
380892
381429
383716
384834
384866
385013
385026
385039
385052
385099
385309
385313
385674
385746
385858
386003
386171
386453
386791
387060
387368
387391
387705
391182
395017
397359
422023
422246
428922
430634
437324
437475
443699
445938
448954
452076
452110
456532
466644
468710
468998
476855
479394
480993
488376
494245
494552
494891
494948
494950
495019
495021
495248
495327
495388
495632
496541
496702
496869
497039
497604
498254
499871
513594
521369
524933
525681
546218
549199
551616
552932
561457
568830
570217
576348
576365
579589
579616
579802
2
109
231
256
394
482
499
621
629
689
773
777
877
1029
1037
1038
1116
1158
1208
1240
1412
1526
1615
1738
1794
2061
2138
2231
2235
2236
2295
2300
2338
2349
2358
2532
2641
2668
2733
2784
2963
3178
3306
3318
3588
3802
3843
3899
4134
4193
4496
4556
4567
4706
4776
4865
4974
5029
5047
5108
5356
5471
5563
5581
5601
5683
5728
5955
6101
6132
6201
6282
6324
6338
6503
6527
6543
6617
6848
6876
7026
7034
7093
7133
7180
7432
7589
7695
7874
7892
7941
8179
8577
8625
8630
8717
8820
8983
9012
9194
9214
9280
9334
9426
9478
9529
9713
9948
9967
10108
10206
10306
10418
10544
10753
10838
10901
11008
11277
11341
11488
11537
11737
11799
11886
11908
12240
12430
12523
12793
12803
12878
12942
13404
13474
13639
13739
13820
14012
14263
14375
14379
14491
14974
15109
15294
15429
15438
15521
15600
15659
15693
15884
15983
16061
16165
16316
16867
16893
17196
17257
17449
17826
18406
18561
18626
18667
18724
18970
19063
19536
20163
20188
21156
21289
21343
21413
21415
21853
22041
22450
22734
22785
22971
23107
23291
23319
23368
23551
24233
24253
24516
24685
24760
24849
24857
24926
24927
24963
25133
25241
25270
25380
25656
25661
25883
25906
25932
25952
26209
26421
26451
26464
26725
27082
27542
27738
27750
27954
28055
28074
28153
28156
28534
28845
28890
29107
29775
29822
29975
30458
31078
31126
31440
31504
31609
31648
32435
32657
33017
33121
33554
34250
34420
34718
35228
35290
35324
35921
35974
36243
36693
36839
36896
37099
37274
37469
37587
37800
37841
37890
38540
38853
39004
39100
39113
39148
39737
39886
40465
40943
41350
41369
41546
41767
42166
42201
42478
42739
42958
43146
43164
43289
43347
43649
44240
44294
44333
45002
45112
45141
45574
45628
46030
46136
46181
46953
47182
47426
47444
47466
47679
47947
48235
48336
48364
48807
48889
49170
49227
49373
49384
49516
49611
49774
49814
50279
50422
50503
51147
51555
51814
51897
51908
52202
53213
53218
53238
53279
53526
53740
54611
54695
54891
54990
55996
56279
56417
56716
56804
57077
57096
58015
58025
58102
59062
59082
59143
59324
59358
59427
59795
59829
60929
60998
61456
62517
63805
64319
64623
65473
65729
65804
66101
66651
66959
68506
69057
69312
69714
70473
70623
70958
71211
71912
71952
73295
73878
74141
74238
74710
74953
75289
75711
76150
76259
76567
76936
77748
77769
77927
77959
78030
78589
79108
79469
79911
79993
80458
81230
81349
81517
81714
82450
83037
83119
83317
83883
83968
84874
85003
85180
86490
87020
88236
88810
89007
89276
90019
90452
90503
90543
90795
91398
91618
92388
92443
93832
93994
94038
94092
94216
94252
94671
95039
95124
95157
95292
95447
95474
95657
96117
96167
96775
96783
97540
97877
99204
99400
99535
99551
100419
102136
102403
102680
103012
103231
103367
103425
103701
103747
104072
104181
104669
104883
105042
105627
106547
106819
106891
106969
107481
107537
108491
108953
109132
109538
109689
109880
110925
111703
111896
112118
112981
113101
113536
113566
114428
114674
115131
115158
115403
115692
115701
115747
117351
118187
118344
118384
119437
119553
119706
120033
121754
122174
122189
122205
123032
124154
124936
126312
126442
126866
127179
127888
127939
129700
130714
134402
135163
135445
135641
137053
137411
137534
138043
139615
140050
141630
142414
142857
143539
143871
143979
145744
146051
146170
147214
147309
147729
148049
150049
150310
150340
151060
151088
152926
153450
153557
155385
156691
157002
157020
157283
157925
158688
159252
159463
159761
160783
161672
161843
161965
162264
162918
163405
164862
165032
165150
166937
167096
167258
167423
168672
169438
173166
173585
174197
174556
174866
175134
175665
176199
176467
176488
176495
176692
176825
177019
177321
179383
179675
179681
180979
181420
181539
181680
181798
181944
182963
182994
183343
184508
184655
184659
184805
185691
186168
186293
186551
186906
187260
187288
187637
187745
187746
187783
187915
188423
188635
188762
189146
190707
190739
192036
192209
192281
192602
192606
192642
192837
192853
192913
193127
193551
193937
194195
194278
194359
194454
194880
195291
195474
195695
196804
196907
197279
198031
198360
199005
200285
200948
201937
202018
202835
203236
203545
203803
204292
204511
204624
204782
204937
205776
205938
206285
206749
208475
209044
209425
210068
210119
212533
213437
215162
215703
215874
216543
217136
218715
220406
220967
224103
225943
226088
227795
228369
230884
231088
231943
232251
234276
234455
234620
235617
236096
236797
237866
239647
246194
248834
249693
252567
253345
253865
253929
253932
254189
254534
255952
257835
261186
262963
263976
268344
272898
272985
274539
275846
277023
277170
277719
278236
278342
285536
287799
287996
293163
295228
295249
295623
295813
298745
299725
299798
300608
300690
305766
306150
308844
310129
314751
315296
315825
316471
317967
319875
323648
323904
324264
324343
324447
324763
324872
324933
325045
325102
325578
325707
325796
326031
326740
326752
327180
327775
328056
328301
329067
329273
329680
329805
330053
331269
332007
332114
332304
332488
333340
333517
333650
333941
334312
335075
335422
335909
336714
336936
336959
338138
338572
339095
340484
341033
341113
341445
342079
342487
343482
344488
344823
344838
345078
345155
345680
346459
346847
347042
347204
348566
348684
348856
348889
349936
350069
350334
350911
351079
351133
351148
352229
352594
354646
354787
354848
355571
356346
356441
356889
357771
358055
358374
358647
360224
360395
361744
362422
362738
365219
365670
366596
366825
367244
368617
369650
372083
372364
372442
383319
384819
385047
385110
385262
385362
385426
385427
385481
385564
385742
385766
386083
386276
386294
386331
386429
386430
386546
386555
386744
386796
386934
387561
387744
387987
388332
389725
390958
413142
423002
423013
431363
432207
437988
444973
447165
447186
456269
461109
473736
474423
474812
475545
476976
477137
477271
486473
487241
491157
494915
495458
495862
496095
499862
500292
508669
511467
522188
523075
526244
526392
527052
531142
535328
535375
537311
539466
541679
542162
544411
546240
558507
562508
568846
571034
573463
575883
576370
579579
579758
579801
579946
580124
24
227
459
638
639
845
862
896
961
1013
1277
1454
1678
1744
1803
1826
1841
1862
2419
2429
2472
2477
2529
2533
2649
2660
2802
2956
3243
3284
3309
3365
3435
3562
3571
3706
3716
3807
3812
3997
4024
4034
4138
4350
4523
4536
4591
4641
4655
4775
4919
4952
5019
5063
5072
5176
5179
5243
5279
5288
5357
5521
5589
5656
5769
5832
5857
5895
5953
5978
5999
6041
6044
6105
6107
6145
6225
6258
6272
6461
6488
6556
6728
6963
6980
7025
7064
7190
7208
7290
7379
7411
7449
7590
7674
7697
7722
7788
7820
7930
8139
8209
8210
8226
8366
8555
8582
8656
8684
8686
8806
8853
8924
8933
8960
9038
9072
9127
9219
9237
9271
9403
9491
9514
9776
10050
10345
10555
10644
10665
10733
10834
11205
11211
11267
11438
11461
11503
11594
11857
12170
12255
12319
12327
12328
12526
12683
12798
13300
13379
13396
13420
13502
13553
13579
13702
13731
13738
13780
13863
13996
14032
14714
14722
14998
15051
15927
16108
16231
16302
16535
16998
17019
17062
17095
17457
17463
17639
17908
17922
18179
18215
18227
18240
18732
18755
18904
19126
19356
19803
19897
20093
20144
20232
20289
20545
20573
20593
21046
21250
21465
21518
21554
21831
21972
22100
22446
22453
22617
22856
23116
23192
23756
23878
24160
24279
24293
24334
24423
24737
24828
24922
25153
25155
25448
25670
25980
26206
26368
26392
26402
26439
26642
26834
26868
27090
27100
27271
27532
27704
27714
27982
27991
28028
28353
28356
28527
28560
29036
29348
29378
29428
29679
29769
30364
30798
30823
31044
31198
31291
31412
31459
31489
31614
31621
31633
31690
31926
32113
32300
32304
32327
32545
32582
32681
32960
32985
33185
33249
33643
33730
33983
34060
34110
34134
34700
34728
34886
35084
35214
35969
35992
36506
36514
36646
36906
36916
37073
37200
37306
37368
37464
37586
37750
38078
38093
38173
38351
38431
39371
39887
39975
39977
40085
40662
40898
40949
41178
41377
41637
42347
42373
42572
43378
43439
43616
43629
43641
43875
43986
44009
44105
44328
44398
44462
44491
44611
44848
45162
45709
46215
46253
46488
46662
46842
46944
47681
47867
48038
48333
48388
48923
49095
49489
49568
49946
50174
50689
51436
51644
52210
53528
53712
54036
54150
54516
55027
55237
55267
55708
55712
55792
55872
55946
56200
56404
56626
56708
57631
57784
57836
58296
58558
58595
59374
59393
59506
60127
60295
60420
60466
61196
61280
61287
61564
61582
62166
62946
63133
63144
63443
63536
63664
63920
63956
64015
64159
64183
64260
64416
65086
65105
65331
65577
66104
66492
66523
66725
66840
67187
68643
69411
69670
70362
70542
70622
70732
70770
71155
71506
71559
71644
71662
71665
72438
72635
73576
73660
74126
74316
74334
74708
74781
74826
75041
75075
75415
75510
76417
76775
77355
77386
77648
78217
78404
78600
79215
79454
79485
79876
79928
81500
81505
81566
81631
81998
82067
82137
82904
83014
83294
83350
83742
83849
83949
84084
84110
84198
84606
84952
85031
85215
85482
85567
85763
85922
86006
86148
86629
86739
86877
86977
86986
87097
87122
87581
87919
88077
88233
89374
89420
89907
89921
90484
90719
92237
92746
92933
93220
93598
93737
93739
93880
94380
94837
94921
95049
95082
95358
95410
95429
95475
96108
96346
98049
98134
98763
98791
98888
99674
99838
100138
100216
100343
102017
102200
102240
103022
103110
103313
103402
103715
104135
104421
105083
105905
106065
106273
106830
107062
107933
109000
109164
109211
109242
109456
109547
109994
110151
110885
111721
112596
113451
113568
114683
115134
115309
115532
115982
116330
116871
117200
117231
117378
117492
117705
117958
118565
118747
118769
119633
120191
121758
121804
121839
122208
122266
122629
122642
122967
123026
123205
125564
126066
126303
126545
126551
127103
127285
128412
129290
129542
129558
129777
129973
130652
131039
131057
131348
132387
132722
133108
133847
133914
134178
134287
134732
135080
135824
135895
136670
136981
137117
138783
138996
139283
139894
140111
140197
140256
140584
140600
140800
142000
142197
142906
143713
144346
144463
144641
144920
145544
145709
145858
146692
146915
147202
147318
147321
148041
148391
148705
148796
148810
149090
149458
149812
149815
150218
150255
150331
150547
150656
151476
151490
151860
152134
152238
152831
152941
152961
153930
154955
155028
155067
155566
155830
156229
156233
156665
156682
157287
158384
159156
159376
159869
159960
161371
161591
161994
162016
162017
162043
163884
163961
165285
165871
165886
166855
167939
168147
168834
169032
169428
169500
169966
170753
170950
171968
172378
172484
172485
172636
172872
173766
173912
174506
175167
175278
175342
175497
175703
176084
176210
176249
176258
176278
176962
177039
177042
177119
177937
178313
178398
178428
178820
179587
179981
180009
180155
180332
181505
181801
182291
182538
183050
183321
184287
184387
184707
184925
185411
185668
185935
186007
186073
186140
186508
186967
187209
187342
187423
187675
188047
188190
188761
188914
189084
189119
189362
190122
190548
191078
191496
191539
191895
192000
192138
192244
192338
192391
192499
192636
192652
192849
193136
193237
193363
193611
193641
193903
193911
194019
194164
194190
194219
194406
194419
194525
194594
194855
194984
195133
195179
195362
195375
195741
196162
196699
196906
197058
197490
197766
197824
197861
198016
198055
198353
198733
198905
199553
200674
201673
202190
202431
202582
202824
203230
203299
203785
203965
204221
204894
205296
205929
205979
206372
208895
210067
210531
210592
212860
213950
214391
215184
215194
215697
216518
218079
218602
220072
220433
221738
224119
224494
226741
226967
229387
229509
231035
231692
234635
237939
238244
238446
238727
239692
241069
242931
243086
243097
244092
245398
245587
245958
246151
248792
250098
250436
251991
252693
256325
257005
259080
260827
261725
261937
263267
263527
266004
266570
270977
270991
271502
272894
273257
273372
273900
274576
276094
276265
276326
276520
278056
278997
280046
280189
280265
281996
282628
282734
282741
282913
283016
284630
287651
287730
289118
289370
289578
290585
290684
291320
292929
294265
294698
295777
305343
306426
308710
314420
314525
314682
315189
316940
318589
318629
323924
324233
324338
324509
324915
325003
325129
325179
325441
325976
326294
326582
326718
327502
327791
327856
328044
328055
328249
328361
328796
329176
329600
329624
329932
330396
330734
330930
331132
331222
331280
332825
333261
333273
333579
333635
334055
334158
335569
335595
335987
337677
338248
338532
338750
339171
339747
339958
340054
341238
341472
341505
341606
342234
342612
342820
343352
343515
343897
344377
344834
344873
344890
345003
345328
346367
346369
346531
347034
347292
347370
347438
347507
348937
349335
349549
349566
349679
350059
350501
350712
350718
350857
352266
352313
352394
352657
352766
353368
354385
354720
355200
355652
356155
356563
356946
357539
358722
359882
360024
362007
362069
362622
363158
363423
364508
364690
365831
365904
366025
366188
366754
366883
366891
367346
368193
368602
368622
369314
369467
369862
370410
371247
371930
371963
372344
372513
372867
378204
378643
384792
384825
384951
385090
385358
385573
385780
385920
386033
386361
386463
386491
386544
386605
386675
387001
387168
387479
387486
387528
387754
388017
388559
388725
389135
389400
389851
391413
393101
414780
422027
424528
425046
428126
433418
437456
442002
442230
448933
448968
449681
462066
463231
468005
472766
474930
474933
476599
476770
476909
477378
480793
484609
487730
490259
495004
495809
496053
496651
496657
497124
497496
498190
498619
500419
503328
505096
505227
507359
508014
508558
511772
521107
524269
524967
525279
525299
526563
529749
529887
531031
531595
531606
531649
532905
535965
536861
541036
541893
544532
546238
546818
547814
548130
549079
551872
556081
565599
568803
568942
570610
572573
576383
576424
576618
579590
579600
579774
9
38
41
115
174
183
308
358
371
402
497
598
603
650
690
693
715
740
745
779
791
866
934
968
976
1102
1130
1185
1190
1200
1339
1342
1355
1460
1522
1604
1632
1655
1690
1723
1761
1787
1802
1876
1937
1950
1965
2054
2088
2133
2137
2192
2266
2325
2337
2495
2545
2577
2591
2599
2636
2706
2718
2726
2728
2732
2768
2798
2845
2880
2882
2959
3076
3079
3096
3182
3190
3254
3273
3279
3323
3326
3361
3367
3375
3447
3512
3531
3537
3550
3557
3630
3649
3850
4084
4171
4176
4290
4326
4343
4357
4528
4535
4603
4609
4614
4673
4692
4855
4890
4947
4955
4978
5041
5068
5091
5136
5165
5230
5302
5303
5442
5458
5462
5525
5539
5557
5615
5634
5649
5657
5671
5720
5791
5803
5841
5860
5926
5976
5994
6068
6126
6288
6336
6349
6403
6418
6496
6551
6559
6834
6837
6969
6996
7003
7143
7216
7232
7257
7269
7325
7394
7425
7613
7667
7793
7940
7962
7977
7987
7991
8150
8159
8276
8300
8315
8453
8516
8526
8567
8576
8583
8919
9024
9048
9053
9103
9114
9117
9177
9251
9291
9294
9519
9522
9751
9788
9796
9968
9971
10037
10088
10107
10115
10158
10241
10251
10311
10320
10324
10373
10381
10416
10485
10525
10530
10651
10687
10690
10839
10928
10994
11119
11124
11189
11238
11249
11303
11308
11333
11536
11551
11592
11618
11628
11648
11669
11679
11728
11750
11773
11899
11980
12015
12035
12037
12099
12517
12554
12618
12717
12765
12770
12790
12833
12852
12944
13222
13247
13268
13282
13371
13563
13569
13767
13797
13821
13835
13848
13892
13907
13921
13969
14185
14515
14560
14951
15036
15354
15814
15856
15873
15892
16030
16281
16513
16596
16740
16778
17186
17210
17253
17306
17426
17527
17809
17992
18334
18346
18364
18442
18540
18675
18719
18805
18872
19108
19134
19215
19675
19764
20038
20169
20723
20946
21264
21336
21474
21560
21914
21929
22023
22037
22048
22152
22333
22377
22425
22489
22509
22537
22756
22841
22864
23270
23372
23605
23754
23772
23836
23866
23869
23938
24121
24182
24481
24517
24593
24631
24729
24846
25055
25240
25327
25379
25438
25542
25606
25722
25785
26082
26161
26196
26442
26484
26541
26559
26560
26826
26914
27156
27241
27422
27425
27426
28262
28361
28382
28434
28466
28483
28700
28821
28966
29579
29748
29786
30129
30224
30400
30527
31004
31138
31162
31323
31329
31431
31452
31461
31666
31867
31912
32060
32075
32336
32900
32901
33007
33071
33084
33092
33100
33172
33176
33459
33464
33470
33693
34139
34220
34341
34379
34536
34541
34773
34841
35036
35665
35867
35901
36036
36050
36882
36885
37058
37297
37441
37709
37874
38009
38052
38250
38443
38656
38915
38946
39069
39299
39457
40132
40141
40229
40834
41122
41137
41145
41465
41693
41729
41829
42264
42450
43136
43215
43305
43455
43617
43708
43746
43955
44013
44062
44253
44405
44463
45024
45312
45664
46412
46524
46793
46829
46928
46981
47061
47085
47107
47225
47373
47406
47763
48036
48362
48905
48961
49039
49165
49236
49352
49368
49431
49480
49809
49838
50063
50181
50537
50562
50584
50842
51063
51264
51677
51731
51919
52054
52225
52436
52512
53219
53290
53295
53371
53462
53557
53681
53776
53836
54034
54182
54526
54644
54740
54751
54971
55186
55229
55292
55341
55366
55463
55679
55717
55865
56178
56357
56394
56777
56990
57238
57289
57374
57425
58136
58148
58428
58534
58549
58838
59332
59360
60195
60227
60347
60407
60475
60570
60858
61574
61804
61957
61999
62033
62722
62965
63544
63549
63561
63622
64066
64238
64532
64546
64801
64948
64967
64968
65419
65526
65913
66754
66825
67421
67524
67746
67857
68024
68062
68316
68658
68727
69697
69720
69776
69788
69907
70003
70137
70182
70449
70937
71077
72190
73197
73210
73418
73454
73567
73699
73763
73859
73906
74300
76073
76131
76569
76712
76810
76852
77048
77449
77636
77647
77685
77813
78625
78852
78897
79129
79167
79173
79298
79619
80150
80358
80373
80562
80648
80913
81104
81308
81384
81468
81545
81728
81791
82176
82199
84215
85098
85747
85810
86085
86088
86121
86371
86838
86950
87011
88581
89684
90037
90124
90138
90201
90737
91413
91488
91504
91736
91892
92245
92419
92753
93079
93185
93387
93457
93818
93979
94015
94150
94187
95062
95241
96173
96220
96418
96424
96626
96892
97000
97038
97041
98025
98472
98491
98743
99024
99038
99171
99252
99340
99523
100134
100891
101325
101564
102147
102173
102226
102471
102476
102744
102811
102954
103119
103165
103548
103898
104109
104970
105199
105339
105378
105998
106105
106323
106341
107383
107791
107841
108710
108718
108896
109638
109659
109674
110721
110744
111292
111317
111606
111655
111786
112455
112499
112584
112668
113078
113221
114007
114316
114509
114518
114567
114829
115201
116143
117124
117195
117798
117964
118006
118749
119135
119194
119635
119846
120105
120263
121347
121439
123696
125348
126214
126926
126940
127481
127613
127657
127947
128358
128785
129002
129138
129461
129784
131056
131666
131932
132044
132176
132653
134219
134237
134851
135415
135431
135894
136104
136758
136777
137478
137517
138107
138623
139269
139313
139888
140120
140284
140336
141196
141442
141985
142057
142204
142284
142502
143535
143739
143742
144023
144531
144903
145736
145929
146062
146130
146642
146927
147226
147418
147679
148352
149535
149907
150376
150612
150662
150837
151083
151161
151254
151434
151728
151797
152338
152873
153297
153362
153463
154100
155375
156884
156980
158361
158367
158910
158918
160658
161008
161744
161859
162516
162688
163675
164193
164558
165077
165415
165862
166717
167478
167593
169840
170240
172150
172416
172605
172617
174510
174703
174728
174747
174825
174869
174874
174878
174942
174950
175040
175132
175166
175442
175498
175524
175641
175667
175713
175790
175791
175920
175965
175997
176006
176171
176295
176312
176415
176473
176501
176515
176550
176610
176700
176797
176840
176908
176949
176957
177004
177144
177236
177300
177372
177377
177518
177554
177601
177608
177712
177716
177765
177795
177815
177907
177923
177973
177977
177981
177998
178004
178013
178037
178063
178085
178210
178234
178288
178348
178632
178668
178758
178802
178813
178848
178866
178894
178937
179029
179035
179066
179245
179254
179262
179348
179477
179480
179495
179847
179873
179930
179992
180037
180085
180118
180163
180173
180208
180262
180402
180404
180405
180410
180442
180457
180562
180611
180612
180630
180632
180648
180725
180746
180825
180851
180949
181071
181083
181090
181335
181453
181474
181532
181643
181746
181833
181933
181971
182057
182073
182110
182156
182278
182327
182376
182380
182393
182427
182493
182544
182569
182611
182615
182669
182746
182896
182907
183024
183044
183047
183198
183202
183246
183277
183291
183298
183411
183540
183573
183613
183643
183668
183733
183762
183766
183922
184148
184180
184225
184290
184360
184406
184445
184487
184569
184611
184640
184675
184677
184681
184682
184719
184742
184786
184943
184947
184958
184977
185084
185107
185310
185337
185407
185477
185511
185542
185559
185565
185611
185669
185892
185911
185929
185957
186063
186098
186105
186183
186284
186537
186574
186604
186690
186706
186734
186891
187138
187225
187250
187708
187913
188031
188124
188150
188181
188192
188305
188337
188454
188582
188623
188655
188658
188660
188710
188720
188739
188759
188807
188907
189018
189140
189195
189265
189284
189335
189818
189853
189987
189993
190068
190401
190646
190696
190735
190761
190837
190923
191002
191250
191342
191425
191447
191456
191463
191533
191643
191661
191800
191834
191896
191909
191950
191968
191977
192099
192478
192566
192604
192640
192645
192724
192764
192850
192865
192871
192925
192928
192983
193150
193267
193409
193428
193477
193553
193639
193671
193754
193814
193820
193866
194026
194047
194100
194215
194287
194338
194449
194598
194622
194644
194715
195088
195219
195237
195276
195314
195315
195338
195343
195344
195542
195577
195691
195728
195771
195789
195819
196156
196472
196858
196980
197165
198092
198495
198693
199157
199473
199770
199794
200565
200593
200942
201305
201440
202047
202509
202989
203051
203366
203433
203452
203891
203986
204873
205271
205892
206718
207462
208779
208964
209169
209170
209316
209759
209967
210402
210545
210560
210730
210888
211169
211403
211956
212713
213646
213657
213661
213673
214315
214406
214727
214895
215046
215200
215830
215976
216251
216370
216695
216857
217924
218190
218404
219389
221617
221904
221971
223365
223527
223723
224520
224765
226089
227346
228014
229131
229361
229501
229641
229808
229896
230316
231216
231276
232272
232600
234382
235118
235161
236137
237904
238126
240047
240068
240457
240463
240607
241150
242599
243006
243100
247552
248297
249127
249337
250139
250545
250558
252233
252629
253307
253589
254169
254411
254533
254934
255925
256313
256588
257196
257986
259320
260895
261676
262279
262753
263161
263227
266955
268157
268278
269016
269648
269974
270130
270912
273037
273412
275023
278122
280645
280981
283268
285346
286656
287381
287720
287927
288193
288557
288800
289508
291494
291759
293674
294389
304782
307417
307551
314626
315058
315111
315203
315231
315539
316759
317361
317493
318317
318856
323742
323749
324141
324583
324714
325338
325417
325729
326207
326487
326508
326587
326936
327541
327647
327696
327860
328137
328279
328890
329634
330545
330630
330704
330878
331496
332143
332337
332739
332798
333354
333398
333552
334022
334131
334533
334780
334792
335044
335285
336227
336251
336851
337254
337711
337909
338054
338307
338410
338472
338512
338653
338856
339921
340024
341322
341858
342070
343030
343047
343112
343132
343157
343172
343223
343226
343287
343297
343302
343336
343339
343577
343589
343596
343598
343652
343697
343778
343806
343907
343928
343995
344001
344033
344086
344134
344194
344198
344232
344279
344347
344499
344527
344545
344619
344655
344675
344832
344889
345024
345112
345137
345149
345157
345195
345351
345367
345421
345431
345471
345545
345785
345804
345824
345828
345915
345974
346015
346049
346112
346120
346226
346309
346336
346742
346826
346905
346919
346942
347069
347092
347134
347372
347406
347420
347427
347448
347459
347498
347526
347527
347595
347643
347668
347819
347925
347998
348036
348071
348116
348139
348160
348199
348432
348496
348518
348542
348592
348805
349034
349118
349189
349191
349207
349283
349350
349403
349520
349578
349620
349639
349643
349648
349784
349867
349881
350014
350019
350052
350145
350147
350195
350250
350280
350372
350465
350490
350537
350692
350733
350755
350819
350979
351057
351087
351137
351207
351293
351370
351442
351461
351479
351493
351519
351576
351622
351640
351731
351835
351877
352039
352071
352099
352337
352404
352434
352554
352597
352626
352920
352977
353024
353093
353175
353215
353283
353296
353372
353486
353536
353544
353567
353645
353711
353728
353862
354053
354064
354071
354078
354092
354103
354205
354330
354332
354391
354517
354524
354535
354567
354812
354852
354859
354960
354964
355034
355128
355266
355311
355354
355443
355583
355610
355812
355846
355911
356001
356056
356077
356158
356196
356228
356467
356611
356798
356841
356925
356971
357041
357054
357143
357155
357186
357195
357349
357386
357575
357609
357667
357695
357802
357898
357918
358048
358127
358136
358185
358198
358348
358456
358629
358634
358795
358916
358974
358995
359017
359041
359274
359281
359283
359324
359351
359357
359606
359615
359748
359831
359871
360021
360023
360057
360367
360423
360438
360761
360781
361128
361356
361406
361433
361479
361618
361662
361861
361938
362016
362068
362083
362085
362113
362128
362143
362155
362355
362419
362497
362556
362574
362708
362827
362876
362905
362907
363008
363106
363129
363185
363249
363431
363473
363623
363651
363766
364020
364035
364053
364055
364159
364204
364222
364325
364340
364366
364372
364616
364689
364771
365082
365115
365160
365374
365462
365514
365529
365686
365714
365756
365846
365873
365878
366087
366189
366325
366404
366449
366488
366709
366715
366717
366816
367082
367149
367162
367334
367336
367355
367400
367437
367664
367726
367737
368026
368230
368347
368411
368416
368612
368638
368755
368781
368808
368841
368842
368916
368927
369037
369289
369396
369524
369544
369548
369790
369966
370108
370167
370194
370243
370521
370526
370535
370659
370702
370733
370765
370803
370811
370838
370854
370910
370975
371276
371442
371481
371598
371739
372009
372096
372121
372143
372384
372394
372419
372423
372477
372515
372534
372555
372579
372718
372733
372771
372887
372967
373491
375107
375777
376518
378663
378869
380235
380725
381079
382482
384567
384821
384838
384898
385078
385107
385177
385226
385232
