11463
14734
16241
22290
22711
24349
26302
26927
27896
44384
47707
56509
97963
125542
133481
148832
248481
323798
386105
483124
552871
12946
16650
16698
17984
26177
31820
39955
40366
45116
54869
59953
61222
87189
122245
133226
133435
161512
179485
191106
192358
203526
230303
330989
335971
349526
353864
359878
367142
609
2427
3116
3873
6831
9365
10780
19582
19913
20115
29979
45213
55396
61078
132697
189951
323754
325634
341158
365048
384987
98
1650
3292
3352
7399
9046
11636
14248
22392
25035
29178
29341
38705
42279
44197
54102
80383
84458
107059
129739
130273
133380
159982
188113
192757
229488
59
3448
4749
9196
11404
13792
15906
19117
26122
40145
44352
48289
61952
78674
79511
84358
91732
109700
133223
133446
146976
155095
160044
323814
385658
894
1577
2795
3680
3955
8793
11578
12311
13359
18479
19162
43203
48793
49819
58933
74872
90796
148758
180827
212430
314544
324294
326137
338784
342422
354931
535665
55
1368
1643
2297
2936
5677
6111
7994
11092
15745
17074
21122
25887
27748
44329
49081
59985
64395
67922
71872
80976
84373
117818
135151
143435
187276
219625
2460
3584
6569
8838
15326
15909
17364
26534
30884
37060
38681
48696
67269
79106
83612
94119
133365
186645
193275
231751
325952
339799
349676
372348
563184
14
1568
2090
7198
9433
9458
10057
13407
14238
17814
18260
18668
19954
20215
20555
24731
28019
37059
63392
73675
76758
104172
108457
140979
145229
179414
328124
328382
530021
1506
2372
2912
4796
11673
14005
15727
16598
20138
24131
35611
41506
53041
62482
64940
73474
112849
133383
133832
136051
138934
139012
160743
194793
325159
341842
350300
351228
351729
352515
555762
128
1032
1275
2391
7080
8560
11571
11643
13876
15796
17716
20265
26976
32309
45401
52184
61608
62995
65299
89479
133440
163791
183076
191769
227756
264616
324325
348834
358828
386164
386291
416073
202
219
928
3018
8127
9034
9392
10813
11498
15023
15053
16366
20800
21111
22385
23280
23339
25130
30481
31047
42887
44967
46415
48489
50323
61854
68296
69694
75022
133343
133397
138672
141512
233669
258218
324262
325397
325650
329052
340683
385677
549782
1861
3635
3735
5317
7632
9736
11399
14963
15602
16555
18168
21075
23968
24436
28189
28955
30887
31302
32680
35366
51140
100258
123762
133414
155709
178589
180045
186182
186532
188903
202599
348965
384968
558440
113
405
1030
1975
3599
5112
9424
14133
14184
15584
16128
17782
17998
23628
25089
25185
26184
27311
27434
28111
28290
30382
30410
33089
38827
40612
40637
41714
51433
59678
67979
83461
86480
98631
110362
133248
133284
134880
135891
136369
141059
161315
182793
324105
325079
326596
330372
331556
338966
342096
343418
348322
353705
385806
478359
534314
32
131
1317
4529
4598
5110
7087
7529
9554
10782
12417
12544
14712
16089
16266
16432
16493
17213
21783
23386
25460
27708
29501
33235
58948
64791
72461
74891
75553
80394
93028
135879
161387
177875
249986
276442
314572
325032
327840
331516
332749
350695
352289
359344
385345
385906
2245
2776
3302
3887
4791
6883
8616
8778
9429
14773
17709
19430
19512
22368
22701
23342
23852
25560
26079
26740
29643
31481
35826
43388
46161
46833
51985
53893
58845
63143
97403
122179
133357
139109
150705
151267
177153
191624
202559
315759
333117
340052
350947
381494
386073
521605
543876
850
5292
5665
5983
6264
6332
6738
6891
9163
12483
12916
15342
15691
15862
18012
18819
19166
19457
20165
20578
21376
23120
25962
27019
32082
39637
39641
42080
42309
42548
43628
47975
48001
52572
59783
61698
62406
62778
63159
63321
66227
69079
75948
84910
86613
94785
105610
105996
106129
111159
113372
133192
133363
141634
194016
198358
208091
267573
325171
325572
344352
347545
347810
348815
351042
351201
354320
354509
361184
364737
368639
383511
190
2196
2949
3324
4684
5577
5679
5863
9174
10730
12800
17011
17363
18631
18781
19415
23102
23214
23224
24391
25961
26198
28595
30826
32695
32711
34853
40606
42090
45817
48366
48840
48965
51407
52007
62951
70613
71057
100769
109077
137073
155975
161360
162659
167472
179619
193229
196999
229699
250984
257591
314387
315035
323923
324389
328797
328937
365800
385472
522
951
1518
2366
3131
3140
4263
6570
7089
8074
8946
9128
9428
10208
10355
11018
14227
14445
15083
16672
21815
23910
24000
24299
25526
25766
26101
26372
32389
34624
35081
38205
39229
41144
41241
43079
43602
45246
49003
56363
61401
67476
67863
75596
75967
83299
84729
84994
128963
133352
159043
163185
