78589
79108
79469
79911
79993
80458
81230
81349
81517
81714
82450
83037
83119
83317
83883
83968
84874
85003
85180
86490
87020
88236
88810
89007
89276
90019
90452
90503
90543
90795
91398
91618
92388
92443
93832
93994
94038
94092
94216
94252
94671
95039
95124
95157
95292
95447
95474
95657
96117
96167
96775
96783
97540
97877
99204
99400
99535
99551
100419
102136
102403
102680
103012
103231
103367
103425
103701
103747
104072
104181
104669
104883
105042
105627
106547
106819
106891
106969
107481
107537
108491
108953
109132
109538
109689
109880
110925
111703
111896
112118
112981
113101
113536
113566
114428
114674
115131
115158
115403
115692
115701
115747
117351
118187
118344
118384
119437
119553
119706
120033
121754
122174
122189
122205
123032
124154
124936
126312
126442
126866
127179
127888
127939
129700
130714
134402
135163
135445
135641
137053
137411
137534
138043
139615
140050
141630
142414
142857
143539
143871
143979
145744
146051
146170
147214
147309
147729
148049
150049
150310
150340
151060
151088
152926
153450
153557
155385
156691
157002
157020
157283
157925
158688
159252
159463
159761
160783
161672
161843
161965
162264
162918
163405
164862
165032
165150
166937
167096
167258
167423
168672
169438
173166
173585
174197
174556
174866
175134
175665
176199
176467
176488
176495
176692
176825
177019
177321
179383
179675
179681
180979
181420
181539
181680
181798
181944
182963
182994
183343
184508
184655
184659
184805
185691
186168
186293
186551
186906
187260
187288
187637
187745
187746
187783
187915
188423
188635
188762
189146
190707
190739
192036
192209
192281
192602
192606
192642
192837
192853
192913
193127
193551
193937
194195
194278
194359
194454
194880
195291
195474
195695
196804
196907
197279
198031
198360
199005
200285
200948
201937
202018
202835
203236
203545
203803
204292
204511
204624
204782
204937
205776
205938
206285
206749
208475
209044
209425
210068
210119
212533
213437
215162
215703
215874
216543
217136
218715
220406
220967
224103
225943
226088
227795
228369
230884
231088
231943
232251
234276
234455
234620
235617
236096
236797
237866
239647
246194
248834
249693
252567
253345
253865
253929
253932
254189
254534
255952
257835
261186
262963
263976
268344
272898
272985
274539
275846
277023
277170
277719
278236
278342
285536
287799
287996
293163
295228
295249
295623
295813
298745
299725
299798
300608
300690
305766
306150
308844
310129
314751
315296
315825
316471
317967
319875
323648
323904
324264
324343
324447
324763
324872
324933
325045
325102
325578
325707
325796
326031
326740
326752
327180
327775
328056
328301
329067
329273
329680
329805
330053
331269
332007
332114
332304
332488
333340
333517
333650
333941
334312
335075
335422
335909
336714
336936
336959
338138
338572
339095
340484
341033
341113
341445
342079
342487
343482
344488
344823
344838
345078
345155
345680
346459
346847
347042
347204
348566
348684
348856
348889
349936
350069
350334
350911
351079
351133
351148
352229
352594
354646
354787
354848
355571
356346
356441
356889
357771
358055
358374
358647
360224
360395
361744
362422
362738
365219
365670
366596
366825
367244
368617
369650
372083
372364
372442
383319
384819
385047
385110
385262
385362
385426
385427
385481
385564
385742
385766
386083
386276
386294
386331
386429
386430
386546
386555
386744
386796
386934
387561
387744
387987
388332
389725
390958
413142
423002
423013
431363
432207
437988
444973
447165
447186
456269
461109
473736
474423
474812
475545
476976
477137
477271
486473
487241
491157
494915
495458
495862
496095
499862
500292
508669
511467
522188
523075
526244
526392
527052
531142
535328
535375
537311
539466
541679
542162
544411
546240
558507
562508
568846
571034
573463
575883
576370
579579
579758
579801
579946
580124
24
227
459
638
639
845
862
896
961
1013
1277
1454
1678
1744
1803
1826
1841
1862
2419
2429
2472
2477
2529
2533
2649
2660
2802
2956
3243
3284
3309
3365
3435
3562
3571
3706
3716
3807
3812
3997
4024
4034
4138
4350
4523
4536
4591
4641
4655
4775
4919
4952
5019
5063
5072
5176
5179
5243
5279
5288
5357
5521
5589
5656
5769
5832
5857
5895
5953
5978
5999
6041
6044
6105
6107
6145
6225
6258
6272
6461
6488
6556
6728
6963
6980
7025
7064
7190
7208
7290
7379
7411
7449
7590
7674
7697
7722
7788
7820
7930
8139
8209
8210
8226
8366
8555
8582
8656
8684
8686
8806
8853
8924
8933
8960
9038
9072
9127
9219
9237
9271
9403
9491
9514
9776
10050
10345
10555
10644
10665
10733
10834
11205
11211
11267
11438
11461
11503
11594
11857
12170
12255
12319
12327
12328
12526
12683
12798
13300
13379
13396
13420
13502
13553
13579
13702
13731
13738
13780
13863
13996
14032
14714
14722
14998
15051
15927
16108
16231
16302
16535
16998
17019
17062
17095
17457
17463
17639
17908
17922
18179
18215
18227
18240
18732
18755
18904
19126
19356
19803
19897
20093
20144
20232
20289
20545
20573
20593
21046
21250
21465
21518
21554
21831
21972
22100
22446
22453
22617
22856
23116
23192
23756
23878
24160
24279
24293
24334
24423
24737
24828
24922
25153
25155
25448
25670
25980
26206
26368
26392
26402
26439
26642
26834
26868
27090
27100
27271
27532
27704
27714
27982
27991
28028
28353
28356
28527
28560
29036
29348
29378
29428
29679
29769
30364
30798
30823
31044
31198
31291
31412
31459
31489
31614
31621
31633
31690
31926
32113
32300
32304
32327
32545
32582
32681
32960
32985
33185
33249
33643
33730
33983
34060
34110
34134
34700
34728
34886
35084
35214
35969
35992
36506
36514
36646
36906
36916
37073
37200
37306
37368
37464
37586
37750
38078
38093
38173
38351
38431
39371
39887
39975
39977
40085
40662
40898
40949
41178
41377
41637
42347
42373
42572
43378
43439
43616
43629
43641
43875
43986
44009
44105
44328
44398
44462
44491
44611
44848
45162
45709
46215
46253
46488
46662
46842
46944
47681
47867
48038
48333
48388
48923
49095
49489
49568
49946
50174
50689
51436
51644
52210
53528
53712
54036
54150
54516
55027
55237
55267
55708
55712
55792
55872
55946
56200
56404
56626
56708
57631
57784
57836
58296
58558
58595
59374
59393
59506
60127
60295
60420
60466
61196
61280
61287
61564
61582
62166
62946
63133
63144
63443
63536
63664
63920
63956
64015
64159
64183
64260
64416
65086
65105
65331
65577
66104
66492
66523
66725
66840
67187
68643
69411
69670
70362
70542
70622
70732
70770
71155
71506
71559
71644
71662
71665
72438
72635
73576
73660
74126
74316
74334
74708
74781
74826
75041
75075
75415
75510
76417
76775
77355
77386
77648
78217
78404
78600
79215
79454
79485
79876
79928
81500
81505
81566
81631
81998
82067
82137
82904
83014
83294
83350
83742
83849
83949
84084
84110
84198
84606
84952
85031
85215
85482
85567
85763
85922
86006
86148
86629
86739
86877
86977
86986
87097
87122
87581
87919
88077
88233
89374
89420
89907
89921
90484
90719
92237
92746
92933
93220
93598
93737
93739
93880
94380
94837
94921
95049
95082
95358
95410
95429
95475
96108
96346
98049
98134
98763
98791
98888
99674
99838
100138
100216
100343
102017
102200
102240
103022
103110
103313
103402
103715
104135
104421
105083
105905
106065
106273
106830
107062
107933
109000
109164
109211
109242
109456
109547
109994
110151
110885
111721
112596
113451
113568
114683
115134
115309
115532
115982
116330
116871
117200
117231
117378
117492
117705
117958
118565
118747
118769
119633
120191
121758
121804
121839
122208
122266
122629
122642
122967
123026
123205
125564
126066
126303
126545
126551
127103
127285
128412
129290
129542
129558
129777
129973
130652
131039
131057
131348
132387
132722
133108
133847
133914
134178
134287
134732
135080
135824
135895
136670
136981
137117
138783
138996
139283
139894
140111
140197
140256
140584
140600
140800
142000
142197
142906
143713
144346
144463
144641
144920
145544
145709
145858
146692
146915
147202
147318
147321
148041
148391
148705
148796
148810
149090
149458
149812
149815
150218
150255
150331
150547
150656
151476
151490
151860
152134
152238
152831
152941
152961
153930
154955
155028
155067
155566
155830
156229
156233
156665
156682
157287
158384
159156
159376
159869
159960
161371
161591
161994
162016
162017
162043
163884
163961
165285
165871
165886
166855
167939
168147
168834
169032
169428
169500
169966
170753
170950
171968
172378
172484
172485
172636
172872
173766
173912
174506
175167
175278
175342
175497
175703
176084
176210
176249
176258
176278
176962
177039
177042
177119
177937
178313
178398
178428
178820
179587
179981
180009
180155
180332
181505
181801
182291
182538
183050
183321
184287
184387
184707
184925
185411
185668
185935
186007
186073
186140
186508
186967
187209
187342
187423
187675
188047
188190
188761
188914
189084
189119
189362
190122
190548
191078
191496
191539
191895
192000
192138
192244
192338
192391
192499
192636
192652
192849
193136
193237
193363
193611
193641
193903
193911
194019
194164
194190
194219
194406
194419
194525
194594
194855
194984
195133
195179
195362
195375
195741
196162
196699
196906
197058
197490
197766
197824
197861
198016
198055
198353
198733
198905
199553
200674
201673
202190
202431
202582
202824
203230
203299
203785
203965
204221
204894
205296
205929
205979
206372
208895
210067
210531
210592
212860
213950
214391
215184
215194
215697
216518
218079
218602
220072
220433
221738
224119
224494
226741
226967
229387
229509
231035
231692
234635
237939
238244
238446
238727
239692
241069
242931
243086
243097
244092
245398
245587
245958
246151
248792
250098
250436
251991
252693
256325
257005
259080
260827
261725
261937
263267
263527
266004
266570
270977
270991
271502
272894
273257
273372
273900
274576
276094
276265
276326
276520
278056
278997
280046
280189
280265
281996
282628
282734
282741
282913
283016
284630
287651
287730
289118
289370
289578
290585
290684
291320
292929
294265
294698
295777
305343
306426
308710
314420
314525
314682
315189
316940
318589
318629
323924
324233
324338
324509
324915
325003
325129
325179
325441
325976
326294
326582
326718
327502
327791
327856
328044
328055
328249
328361
328796
329176
329600
329624
329932
330396
330734
330930
331132
331222
331280
332825
333261
333273
333579
333635
334055
334158
335569
335595
335987
337677
338248
338532
338750
339171
339747
339958
340054
341238
341472
341505
341606
342234
342612
342820
343352
343515
343897
344377
344834
344873
344890
345003
345328
346367
346369
346531
347034
347292
347370
347438
347507
348937
349335
349549
349566
349679
350059
350501
350712
350718
350857
352266
352313
352394
352657
352766
353368
354385
354720
355200
355652
356155
356563
356946
357539
358722
359882
360024
362007
362069
362622
363158
363423
364508
364690
365831
365904
366025
366188
366754
366883
366891
367346
368193
368602
368622
369314
369467
369862
370410
371247
371930
371963
372344
372513
372867
378204
378643
384792
384825
384951
385090
385358
385573
385780
385920
386033
386361
386463
386491
386544
386605
386675
387001
387168
387479
387486
387528
387754
388017
388559
388725
389135
389400
389851
391413
393101
414780
422027
424528
425046
428126
433418
437456
442002
442230
448933
448968
449681
462066
463231
468005
472766
474930
474933
476599
476770
476909
477378
480793
484609
487730
490259
495004
495809
496053
496651
496657
497124
497496
498190
498619
500419
503328
505096
505227
507359
508014
508558
511772
521107
524269
524967
525279
525299
526563
529749
529887
531031
531595
531606
531649
532905
535965
536861
541036
541893
544532
546238
546818
547814
548130
549079
551872
556081
565599
568803
568942
570610
572573
576383
576424
576618
579590
579600
579774
9
38
41
115
174
183
308
358
371
402
497
598
603
650
690
693
715
740
745
779
791
866
934
968
976
1102
1130
1185
1190
1200
1339
1342
1355
1460
1522
1604
1632
1655
1690
1723
1761
1787
1802
1876
1937
1950
1965
2054
2088
2133
2137
2192
2266
2325
2337
2495
2545
2577
2591
2599
2636
2706
2718
2726
2728
2732
2768
2798
2845
2880
2882
2959
3076
3079
3096
3182
3190
3254
3273
3279
3323
3326
3361
3367
3375
3447
3512
3531
3537
3550
3557
3630
3649
3850
4084
4171
4176
4290
4326
4343
4357
4528
4535
4603
4609
4614
4673
4692
4855
4890
4947
4955
4978
5041
5068
5091
5136
5165
5230
5302
5303
5442
5458
5462
5525
5539
5557
5615
5634
5649
5657
5671
5720
5791
5803
5841
5860
5926
5976
5994
6068
6126
6288
6336
6349
6403
6418
6496
6551
6559
6834
6837
6969
6996
7003
7143
7216
7232
7257
7269
7325
7394
7425
7613
7667
7793
7940
7962
7977
7987
7991
8150
8159
8276
8300
8315
8453
8516
8526
8567
8576
8583
8919
9024
9048
9053
9103
9114
9117
9177
9251
9291
9294
9519
9522
9751
9788
9796
9968
9971
10037
10088
10107
10115
10158
10241
10251
10311
10320
10324
10373
10381
10416
10485
10525
10530
10651
10687
10690
10839
10928
10994
11119
11124
11189
11238
11249
11303
11308
11333
11536
11551
11592
11618
11628
11648
11669
11679
11728
11750
11773
11899
11980
12015
12035
12037
12099
12517
12554
12618
12717
12765
12770
12790
12833
12852
12944
13222
13247
13268
13282
13371
13563
13569
13767
13797
13821
13835
13848
13892
13907
13921
13969
14185
14515
14560
14951
15036
15354
15814
15856
15873
15892
16030
16281
16513
16596
16740
16778
17186
17210
17253
17306
17426
17527
17809
17992
18334
18346
18364
18442
18540
18675
18719
18805
18872
19108
19134
19215
19675
19764
20038
20169
20723
20946
21264
21336
21474
21560
21914
21929
22023
22037
22048
22152
22333
22377
22425
22489
22509
22537
22756
22841
22864
23270
23372
23605
23754
23772
23836
23866
23869
23938
24121
24182
24481
24517
24593
24631
24729
24846
25055
25240
25327
25379
25438
25542
25606
25722
25785
26082
26161
26196
26442
26484
26541
26559
26560
26826
26914
27156
27241
27422
27425
27426
28262
28361
28382
28434
28466
28483
28700
28821
28966
29579
29748
29786
30129
30224
30400
30527
31004
31138
31162
31323
31329
31431
31452
31461
31666
31867
31912
32060
32075
32336
32900
32901
33007
33071
33084
33092
33100
33172
33176
33459
33464
33470
33693
34139
34220
34341
34379
34536
34541
34773
34841
35036
35665
35867
35901
36036
36050
36882
36885
37058
37297
37441
37709
37874
38009
38052
38250
38443
38656
38915
38946
39069
39299
39457
40132
40141
40229
40834
41122
41137
41145
41465
41693
41729
41829
42264
42450
43136
43215
43305
43455
43617
43708
43746
43955
44013
44062
44253
44405
44463
45024
45312
45664
46412
46524
46793
46829
46928
46981
47061
47085
47107
47225
47373
47406
47763
48036
48362
48905
48961
49039
49165
49236
49352
49368
49431
49480
49809
49838
50063
50181
50537
50562
50584
50842
51063
51264
51677
51731
51919
52054
52225
52436
52512
53219
53290
53295
53371
53462
53557
53681
53776
53836
54034
54182
54526
54644
54740
54751
54971
55186
55229
55292
55341
55366
55463
55679
55717
55865
56178
56357
56394
56777
56990
57238
57289
57374
57425
58136
58148
58428
58534
58549
58838
59332
59360
60195
60227
60347
60407
60475
60570
60858
61574
61804
61957
61999
62033
62722
62965
63544
63549
63561
63622
64066
64238
64532
64546
64801
64948
64967
64968
65419
65526
65913
66754
66825
67421
67524
67746
67857
68024
68062
68316
68658
68727
69697
69720
69776
69788
69907
70003
70137
70182
70449
70937
71077
72190
73197
73210
73418
73454
73567
73699
73763
73859
73906
74300
76073
76131
76569
76712
76810
76852
77048
77449
77636
77647
77685
77813
78625
78852
78897
79129
79167
79173
79298
79619
80150
80358
80373
80562
80648
80913
81104
81308
81384
81468
81545
81728
81791
82176
82199
84215
85098
85747
85810
86085
86088
86121
86371
86838
86950
87011
88581
89684
90037
90124
90138
90201
90737
91413
91488
91504
91736
91892
92245
92419
92753
93079
93185
93387
93457
93818
93979
94015
94150
94187
95062
95241
96173
96220
96418
96424
96626
96892
97000
97038
97041
98025
98472
98491
98743
99024
99038
99171
99252
99340
99523
100134
100891
101325
101564
102147
102173
102226
102471
102476
102744
102811
102954
103119
103165
103548
103898
104109
104970
105199
105339
105378
105998
106105
106323
106341
107383
107791
107841
108710
108718
108896
109638
109659
109674
110721
110744
111292
111317
111606
111655
111786
112455
112499
112584
112668
113078
113221
114007
114316
114509
114518
114567
114829
115201
116143
117124
117195
117798
117964
118006
118749
119135
119194
119635
119846
120105
120263
121347
121439
123696
125348
126214
126926
126940
127481
127613
127657
127947
128358
128785
129002
129138
129461
129784
131056
131666
131932
132044
132176
132653
134219
134237
134851
135415
135431
135894
136104
136758
136777
137478
137517
138107
138623
139269
139313
139888
140120
140284
140336
141196
141442
141985
142057
142204
142284
142502
143535
143739
143742
144023
144531
144903
145736
145929
146062
146130
146642
146927
147226
147418
147679
148352
149535
149907
150376
150612
150662
150837
151083
151161
151254
151434
151728
151797
152338
152873
153297
153362
153463
154100
155375
156884
156980
158361
158367
158910
158918
160658
161008
161744
161859
162516
162688
163675
164193
164558
165077
165415
165862
166717
167478
167593
169840
170240
172150
172416
172605
172617
174510
174703
174728
174747
174825
174869
174874
174878
174942
174950
175040
175132
175166
175442
175498
175524
175641
175667
175713
175790
175791
175920
175965
175997
176006
176171
176295
176312
176415
176473
176501
176515
176550
176610
176700
176797
176840
176908
176949
176957
177004
177144
177236
177300
177372
177377
177518
177554
177601
177608
177712
177716
177765
177795
177815
177907
177923
177973
177977
177981
177998
178004
178013
178037
178063
178085
178210
178234
178288
178348
178632
178668
178758
178802
178813
178848
178866
178894
178937
179029
179035
179066
179245
179254
179262
179348
179477
179480
179495
179847
179873
179930
179992
180037
180085
180118
180163
180173
180208
180262
180402
180404
180405
180410
180442
180457
180562
180611
180612
180630
180632
180648
180725
180746
180825
180851
180949
181071
181083
181090
181335
181453
181474
181532
181643
181746
181833
181933
181971
182057
182073
182110
182156
182278
182327
182376
182380
182393
182427
182493
182544
182569
182611
182615
182669
182746
182896
182907
183024
183044
183047
183198
183202
183246
183277
183291
183298
183411
183540
183573
183613
183643
183668
183733
183762
183766
183922
184148
184180
184225
184290
184360
184406
184445
184487
184569
184611
184640
184675
184677
184681
184682
184719
184742
184786
184943
184947
184958
184977
185084
185107
185310
185337
185407
185477
185511
185542
185559
185565
185611
185669
185892
185911
185929
185957
186063
186098
186105
186183
186284
186537
186574
186604
186690
186706
186734
186891
187138
187225
187250
187708
187913
188031
188124
188150
188181
188192
188305
188337
188454
188582
188623
188655
188658
188660
188710
188720
188739
188759
188807
188907
189018
189140
189195
189265
189284
189335
189818
189853
189987
189993
190068
190401
190646
190696
190735
190761
190837
190923
191002
191250
191342
191425
191447
191456
191463
191533
191643
191661
191800
191834
191896
191909
191950
191968
191977
192099
192478
192566
192604
192640
192645
192724
192764
192850
192865
192871
192925
192928
192983
193150
193267
193409
193428
193477
193553
193639
193671
193754
193814
193820
193866
194026
194047
194100
194215
194287
194338
194449
194598
194622
194644
194715
195088
195219
195237
195276
195314
195315
195338
195343
195344
195542
195577
195691
195728
195771
195789
195819
196156
196472
196858
196980
197165
198092
198495
198693
199157
199473
199770
199794
200565
200593
200942
201305
201440
202047
202509
202989
203051
203366
203433
203452
203891
203986
204873
205271
205892
206718
207462
208779
208964
209169
209170
209316
209759
209967
210402
210545
210560
210730
210888
211169
211403
211956
212713
213646
213657
213661
213673
214315
214406
214727
214895
215046
215200
215830
215976
216251
216370
216695
216857
217924
218190
218404
219389
221617
221904
221971
223365
223527
223723
224520
224765
226089
227346
228014
229131
229361
229501
229641
229808
229896
230316
231216
231276
232272
232600
234382
235118
235161
236137
237904
238126
240047
240068
240457
240463
240607
241150
242599
243006
243100
247552
248297
249127
249337
250139
250545
250558
252233
252629
253307
253589
254169
254411
254533
254934
255925
256313
256588
257196
257986
259320
260895
261676
262279
262753
263161
263227
266955
268157
268278
269016
269648
269974
270130
270912
273037
273412
275023
278122
280645
280981
283268
285346
286656
287381
287720
287927
288193
288557
288800
289508
291494
291759
293674
294389
304782
307417
307551
314626
315058
315111
315203
315231
315539
316759
317361
317493
318317
318856
323742
323749
324141
324583
324714
325338
325417
325729
326207
326487
326508
326587
326936
327541
327647
327696
327860
328137
328279
328890
329634
330545
330630
330704
330878
331496
332143
332337
332739
332798
333354
333398
333552
334022
334131
334533
334780
334792
335044
335285
336227
336251
336851
337254
337711
337909
338054
338307
338410
338472
338512
338653
338856
339921
340024
341322
341858
342070
343030
343047
343112
343132
343157
343172
343223
343226
343287
343297
343302
343336
343339
343577
343589
343596
343598
343652
343697
343778
343806
343907
343928
343995
344001
344033
344086
344134
344194
344198
344232
344279
344347
344499
344527
344545
344619
344655
344675
344832
344889
345024
345112
345137
345149
345157
345195
345351
345367
345421
345431
345471
345545
345785
345804
345824
345828
345915
345974
346015
346049
346112
346120
346226
346309
346336
346742
346826
346905
346919
346942
347069
347092
347134
347372
347406
347420
347427
347448
347459
347498
347526
347527
347595
347643
347668
347819
347925
347998
348036
348071
348116
348139
348160
348199
348432
348496
348518
348542
348592
348805
349034
349118
349189
349191
349207
349283
349350
349403
349520
349578
349620
349639
349643
349648
349784
349867
349881
350014
350019
350052
350145
350147
350195
350250
350280
350372
350465
350490
350537
350692
350733
350755
350819
350979
351057
351087
351137
351207
351293
351370
351442
351461
351479
351493
351519
351576
351622
351640
351731
351835
351877
352039
352071
352099
352337
352404
352434
352554
352597
352626
352920
352977
353024
353093
353175
353215
353283
353296
353372
353486
353536
353544
353567
353645
353711
353728
353862
354053
354064
354071
354078
354092
354103
354205
354330
354332
354391
354517
354524
354535
354567
354812
354852
354859
354960
354964
355034
355128
355266
355311
355354
355443
355583
355610
355812
355846
355911
356001
356056
356077
356158
356196
356228
356467
356611
356798
356841
356925
356971
357041
357054
357143
357155
357186
357195
357349
357386
357575
357609
357667
357695
357802
357898
357918
358048
358127
358136
358185
358198
358348
358456
358629
358634
358795
358916
358974
358995
359017
359041
359274
359281
359283
359324
359351
359357
359606
359615
359748
359831
359871
360021
360023
360057
360367
360423
360438
360761
360781
361128
361356
361406
361433
361479
361618
361662
361861
361938
362016
362068
362083
362085
362113
362128
362143
362155
362355
362419
362497
362556
362574
362708
362827
362876
362905
362907
363008
363106
363129
363185
363249
363431
363473
363623
363651
363766
364020
364035
364053
364055
364159
364204
364222
364325
364340
364366
364372
364616
364689
364771
365082
365115
365160
365374
365462
365514
365529
365686
365714
365756
365846
365873
365878
366087
366189
366325
366404
366449
366488
366709
366715
366717
366816
367082
367149
367162
367334
367336
367355
367400
367437
367664
367726
367737
368026
368230
368347
368411
368416
368612
368638
368755
368781
368808
368841
368842
368916
368927
369037
369289
369396
369524
369544
369548
369790
369966
370108
370167
370194
370243
370521
370526
370535
370659
370702
370733
370765
370803
370811
370838
370854
370910
370975
371276
371442
371481
371598
371739
372009
372096
372121
372143
372384
372394
372419
372423
372477
372515
372534
372555
372579
372718
372733
372771
372887
372967
373491
375107
375777
376518
378663
378869
380235
380725
381079
382482
384567
384821
384838
384898
385078
385107
385177
385226
385232
385245
385265
385281
385290
385327
385450
385497
385530
385566
385631
385701
385888
385897
385941
385977
386149
386212
386296
386474
386565
386830
386986
386996
387069
387096
387230
387389
387419
387514
387675
388238
388290
388484
388551
388563
388900
389274
389277
389285
390042
390413
391699
400502
413855
414220
418480
420058
420401
421013
424357
429611
433529
436905
438767
438876
439082
442446
449659
449775
450007
456528
456647
465193
475393
476817
478561
481000
481885
483610
484086
484946
485671
485777
490586
490655
494340
494938
494942
495042
495067
495317
495321
495409
495465
495706
495832
495880
496439
496483
496721
496797
496819
496901
496908
496930
497066
497213
497311
498172
498256
502010
503694
508889
511194
515941
517097
521459
521792
524427
527061
528278
528417
528443
530433
530865
532067
532752
534835
534954
540458
541689
545264
545949
550992
551589
554663
555790
556818
560512
560539
561593
575620
576033
576356
576373
579873
580083
21
149
158
177
209
214
224
299
347
385
426
606
619
620
795
856
1014
1052
1067
1149
1214
1254
1480
1488
1515
1539
1560
1563
1586
1622
1628
1662
1853
1863
2008
2014
2017
2034
2043
2058
2309
2330
2470
2537
2547
2593
2612
2628
2652
2723
2730
2779
2801
2812
2881
2909
2953
2990
2992
3044
3112
3138
3143
3151
3366
3402
3429
3444
3471
3563
3590
3617
3637
3690
3780
3883
3912
4072
4080
4188
4210
4243
4386
4434
4491
4508
4572
4711
4728
4810
4969
5142
5159
5170
5185
5273
5413
5487
5523
5570
5687
5734
5793
5809
5902
5936
5997
6113
6128
6133
6174
6202
6218
6241
6275
6283
6344
6639
6668
6892
6933
7042
7157
7192
7242
7286
7337
7471
7485
7516
7682
7756
7763
7863
7996
8065
8070
8109
8143
8245
8249
8338
8348
8392
8480
8870
9056
9071
9088
9102
9205
9207
9355
9360
9490
9553
9593
9639
9738
9839
9955
9978
10274
10336
10400
10481
10692
10747
10865
10897
10978
11032
11108
11177
11230
11259
11326
11344
11361
11582
11680
11687
11694
11755
11772
11803
11815
11939
12020
12086
12113
12134
12141
12248
12337
12364
12397
12434
12636
12667
12700
12879
12920
12952
12959
13045
13193
13261
13266
13319
13347
13373
13411
13499
13600
13627
13665
13726
13752
13807
13882
14210
14235
14536
14577
14624
14964
15009
15010
15031
15408
15512
15526
15588
15750
15871
15934
15937
16038
16087
16260
16325
16367
16428
16521
16544
16548
16551
16639
16916
16946
16999
17028
17230
17380
17691
17717
17840
17938
18016
18369
19138
19169
19211
19233
19248
19279
19389
19397
19480
19547
19623
20416
20427
20489
20523
20581
20885
20921
21036
21131
21161
21199
21365
21399
21453
21514
21602
21627
21884
21941
21987
22007
22773
22811
23367
23432
23482
23483
23556
23585
23744
23854
23946
23957
24125
24280
24381
24426
24448
24490
24669
24695
24868
25298
25416
25562
25653
25681
25803
25919
25976
26190
26503
26533
26779
26822
26847
26965
27097
27221
27343
27362
27615
28044
28301
28308
28327
28426
28596
28607
28658
28680
28846
28873
28908
28919
28921
28944
29060
29219
30003
30109
30306
30409
30528
30663
30735
31006
31253
31327
31474
31855
31936
32501
32798
32836
32869
32986
33117
33197
33213
33652
33741
33856
34425
34602
34734
34737
34761
34968
35110
35151
35368
35402
35454
35528
35887
36118
36245
36275
36291
36491
36635
36844
37242
37883
38201
38221
38844
38977
38990
39119
39188
39300
39352
39356
39659
39806
39882
40092
40233
40483
40891
41115
41141
42087
42329
42433
42440
42512
42556
42806
43876
43940
43962
44084
44161
44252
44312
44440
44724
44782
44839
44875
44876
44877
44913
44964
45005
45047
45196
45425
45442
45584
45810
45970
45994
46126
46149
46266
46387
46585
46651
46664
46684
46872
46923
47002
47146
47201
47245
47365
47405
47456
47482
47521
47549
47626
47675
47831
47893
48063
48111
48465
48639
48890
49151
49219
49228
49536
49699
49761
50128
50424
50645
50683
51271
51359
51410
51425
51531
51598
51970
52079
52101
52483
52550
52624
52806
53435
53610
53880
54074
54326
54330
54369
54778
54887
54902
54921
54948
54993
55051
55107
55127
55133
55450
55503
55984
56118
56321
56536
56826
56845
56954
57393
57535
57854
57927
58206
58281
58294
58788
58820
59113
59210
59356
59376
59409
59609
59685
59761
59851
59860
59920
60296
60372
60412
60489
60522
60926
60968
60993
61121
61249
61324
61422
61602
61814
61960
62250
62328
62589
62751
62833
62943
63016
63366
63528
64048
64173
64298
64616
64770
65162
65346
65478
65524
65601
65609
65754
66008
66015
66032
66178
66204
66226
66369
66902
66921
66999
67205
67232
67420
67423
67498
67616
67860
67899
67913
68156
68218
68227
68704
68807
68996
69338
70022
70346
70462
70910
70976
71024
71362
71373
71597
72048
72396
72433
72447
72831
73146
73308
73354
73539
73644
74087
74476
74599
74949
75033
75275
75448
75487
75515
75733
75924
76099
76101
76290
76306
76459
76812
76826
76885
77189
77558
77653
77789
78162
78304
78306
78735
78844
78845
78878
79368
79456
79656
79854
80046
80059
80082
80206
80251
80339
80450
80508
80797
81012
81366
81557
81634
81907
81923
82437
82814
83143
83376
83425
83601
83676
83774
83902
83940
84041
84051
84801
85160
85452
85935
86213
86252
86674
87145
87337
87362
87692
87844
87993
88328
88720
88791
88807
88821
88922
89086
89380
89980
90014
90033
90692
90918
90966
91074
91768
91810
92662
92683
92972
93424
93506
93875
93940
94084
94244
94368
94561
94795
95522
96012
96049
96453
96536
96797
96827
96928
96954
97030
97047
97462
97495
97926
98206
98494
98903
99016
99115
99702
99795
99858
100011
100015
100212
100260
100865
101223
101241
101769
101902
101999
102065
102715
102755
102807
102966
103139
103416
103473
103593
103780
104189
104230
104580
104595
104614
104627
105201
105247
105458
105467
105592
105721
105724
105733
105910
106072
106250
106313
106361
106395
106582
106629
107093
107177
107217
107550
107572
107919
108032
108097
108356
109391
109683
109752
109838
109945
109950
110109
111222
111639
112383
112414
112444
112740
113171
113770
114348
114587
114861
114946
115243
115830
115870
115990
116138
117007
117817
118267
119572
119870
119991
120060
120119
121123
121910
122886
122972
123074
123095
123972
124685
124739
125629
126569
126650
126893
127126
127514
127912
128076
128799
129184
129440
129480
130448
130585
130994
131183
131536
131848
131927
132198
132878
133475
133938
134550
134723
135187
135477
135478
135659
135913
137463
137809
137862
138141
138326
138373
139028
139218
139243
139519
139877
141087
141693
141926
142617
142943
143021
143373
144129
144286
144364
144714
145001
145072
145393
145666
145848
146052
146340
146564
146734
146892
147236
147565
147592
148011
148107
148177
148241
148501
148680
149297
149520
149645
149720
150054
150158
150177
150452
150633
150731
150952
150998
151210
151373
151637
151872
151892
152209
152629
153118
153134
153743
153899
154875
154883
154944
155167
155303
155325
155360
155518
155526
155742
156197
156228
156547
158193
159031
159283
159692
159771
159849
160619
161667
163065
163192
163225
163837
164366
164625
164744
164856
165096
165160
165510
165979
166149
166337
166346
166481
166746
167595
167963
168200
168433
168576
168951
169514
169523
169837
169857
170736
170986
170993
171289
171527
171637
171774
172272
173124
173210
173906
174287
174771
174820
174890
174925
175028
175093
175112
175214
175437
175487
175490
175539
175586
175672
175686
175890
175906
176125
176139
176188
176205
176206
176266
176460
176611
176687
176835
176861
177162
177185
177223
177262
177305
177401
177449
177485
177702
177921
177970
177972
178075
178132
178172
178191
178343
178406
178443
178445
178447
178465
178592
178683
178784
178832
178902
179037
179110
179323
179443
179502
179647
179648
179787
179977
180094
180121
180178
180187
180201
180238
180285
180406
180483
180666
180736
180753
180769
180952
180973
181099
181148
181153
181177
181294
181343
181388
181519
181534
181538
181578
181601
181612
181656
181659
181793
181986
182061
182120
182295
182541
182592
182625
182645
182778
182782
182869
182957
183022
183085
183250
183253
183351
183451
183466
183531
183593
183672
183783
184010
184146
184339
184391
184399
184427
184465
184793
184972
185013
185119
185134
185263
185400
185437
185550
185562
185674
185969
186227
186365
186462
186542
186563
186580
186750
186799
186810
186838
187031
187191
187314
187748
187929
187958
188017
188197
188250
188355
188382
188412
188577
188629
188641
188685
188708
188724
188893
188938
189019
189045
189058
189088
189154
189305
189347
189658
189754
189826
189861
189946
190209
190211
190333
190368
190489
190759
190775
190862
190943
190982
191084
191136
191302
191360
191384
191414
191437
191554
191602
191636
191679
191732
191774
191785
191788
191820
191901
191917
192009
192024
192399
192423
192503
192668
192911
193051
193159
193265
193293
193297
193311
193380
193516
193545
193587
193626
193628
193788
193821
193910
193914
193926
193979
194020
194082
194197
194584
194700
194728
194769
195013
195165
195389
195688
195846
195861
195881
196456
196513
197495
197597
198837
200156
200639
201370
201525
201589
201755
202785
203237
203540
204318
204391
204771
204807
205169
205236
205545
205876
206311
206643
209089
209282
209520
210159
210209
210212
210459
210532
210626
210777
211264
211267
211444
211485
211574
212576
212871
213223
213301
214152
214514
214757
214915
215008
215285
215779
216042
216521
216569
216907
217151
217457
217516
217895
218167
218236
218339
218425
218536
218891
218922
219439
220516
221373
221857
221903
221948
222587
223228
223255
224110
225180
225712
225955
226027
226040
226757
227039
227182
227432
227481
227869
227981
229296
229545
230289
230588
230640
232135
232203
232363
232374
234108
234414
235792
235913
237048
237201
237329
238836
238858
238932
241164
241321
241593
243063
243463
243687
244331
244416
245539
245792
246192
246924
248543
249165
249778
251485
251989
252092
252648
252757
254425
255487
257686
257788
258265
258994
260433
261055
265297
265332
265814
267163
267999
269103
269606
270032
270481
270508
271036
271124
273314
273965
273985
274220
274473
274982
275665
276405
278370
281201
282882
283291
283602
283734
284149
284605
284722
284726
286713
287438
287546
287861
288948
289457
290364
290832
291116
291119
291169
291963
292685
294122
294511
295034
296974
297756
300622
303347
305631
306575
306860
306919
307047
308221
312518
313622
314453
314813
315051
315074
315172
315301
315320
315873
316307
316333
317759
318439
318679
319076
319099
323642
324150
324159
324505
325041
325097
325156
325281
325548
325561
325687
325916
326053
326663
326751
326918
326957
327327
327393
327817
328311
328357
328931
328943
329120
329181
329410
330067
330843
331403
331494
331839
332055
332069
332186
332633
332756
332819
333007
333506
333681
333687
334031
334200
334321
334493
334595
334732
334879
334915
335093
335370
335391
335428
335483
335866
335948
336837
337131
337319
337332
338025
338135
338292
338329
338418
338437
338508
338665
338791
338831
339023
339138
339524
339664
339801
340039
340380
340863
341137
341152
341829
341830
341896
341945
342587
342783
343263
343735
344203
344894
345227
345834
345914
345966
346387
346707
346946
347111
347243
347693
347999
348500
348999
349270
349486
349517
349710
349731
349846
349885
350325
351172
351394
351574
351659
351680
351693
351799
352269
352309
352652
352678
353440
353885
353993
354035
354070
354225
354337
354970
355185
355856
356023
356070
356402
358005
358682
359201
359332
360862
360989
361554
361793
362464
362998
363107
363338
363601
364072
364087
364298
364486
365785
365893
367184
367675
368880
369007
369536
369560
371012
371294
372280
372581
372606
372775
375443
376725
377951
379334
379698
383514
383902
384416
384854
384911
384938
384954
385021
385040
385094
385157
385195
385235
385257
385377
385660
385698
385792
385798
385822
385849
385853
385914
385932
385963
386082
386231
386346
386437
386446
386495
386851
386885
387066
387238
387321
387328
387578
387644
387648
387658
387840
387968
388371
388548
388570
388589
388872
388944
389188
389383
389767
389769
391949
393724
397902
398436
405266
412564
413010
413301
413809
414454
414623
415521
418659
420081
422541
423864
424820
425092
431226
433414
433789
434465
436639
439785
440474
441489
444678
444757
445878
448429
448444
448790
449201
449489
450261
452737
453265
455174
457461
463313
468543
468547
474156
474715
475394
475524
476584
476827
476871
477027
479246
480262
480613
480657
481079
481134
481147
481669
484652
485922
486105
486395
486454
488658
490269
490710
490799
495343
495623
496520
496715
497641
499353
499446
499998
503514
504962
506121
506279
507753
508472
508966
515163
516048
521212
524644
528728
529265
529893
530920
531532
531954
532888
533691
535587
535953
537038
539544
540533
541195
541504
545092
545944
546046
546076
548274
550757
550826
554282
556628
558680
559760
560301
561441
561718
562842
562969
567810
571810
575250
576275
576943
579612
579687
579796
580247
580320
25
66
95
150
156
176
212
228
247
314
315
360
423
453
468
557
587
766
785
789
1063
1066
1160
1323
1324
1360
1379
1429
1439
1448
1531
1534
1609
1641
1699
1786
1825
1893
1913
1926
1944
1946
1955
2055
2239
2321
2331
2389
2420
2463
2467
2498
2506
2653
2701
2869
3078
3084
3108
3148
3189
3198
3232
3234
3262
3380
3552
3576
3602
3663
3683
3783
3815
3968
4058
4061
4088
4137
4444
4532
4674
4703
4710
4797
4853
4994
4997
4999
5016
5177
5315
5364
5366
5388
5416
5500
5510
5532
5541
5770
5837
5868
5901
6164
6183
6196
6204
6340
6481
6483
6561
6593
6702
6718
6730
6736
6798
6840
6845
6846
6902
6948
6961
6977
6993
7098
7260
7322
7339
7373
7407
7456
7458
7462
7469
7504
7547
7582
7606
7721
7765
7791
7834
7898
7931
7958
7966
8238
8269
8333
8356
8397
8401
8449
8561
8585
8589
8704
8725
8768
8941
8987
9077
9090
9093
9111
9191
9243
9262
9283
9345
9421
9625
9872
9897
9903
9919
9953
9984
10022
10078
10080
10081
10134
10212
10233
10235
10357
10361
10370
10428
10443
10526
10592
10598
10602
10604
10628
10691
10722
10744
10766
10773
10776
10794
10809
10847
10856
10857
10941
10942
11013
11017
11093
11162
11170
11241
11283
11327
11354
11363
11421
11456
11520
11526
11606
11629
11692
11736
11860
11977
11983
12017
12050
12133
12228
12378
12490
12534
12675
12677
12711
12780
12816
12885
12947
12977
13089
13161
13205
13246
13341
13370
13424
13437
13513
13533
13619
13744
13746
13879
14006
14027
14102
14461
14530
14594
14643
14719
14723
14812
14971
15019
15098
15292
15363
15444
15482
15545
15561
15575
15697
15793
15830
15840
15846
16280
16518
16561
16608
16646
16651
16668
16760
16996
17109
17254
17376
17592
17720
17727
17807
17835
17879
17927
18184
18228
18376
18517
18828
18987
19148
19287
19372
19613
19763
19780
19898
19900
19915
19943
20102
20223
20281
20296
20315
20336
20524
20616
20842
20892
21002
21055
21062
21118
21149
21281
21282
21496
21535
21576
21578
21828
22175
22226
22302
22416
22463
22466
22488
22511
22632
22743
22906
23039
23054
23207
23213
23229
23263
23411
23444
23539
23882
23996
24066
24215
24314
24339
24503
24543
24553
24617
24649
24724
24746
24839
24897
24921
25278
25330
25446
25619
25770
25904
25929
25971
26008
26049
26247
26375
26389
26390
26547
26673
26754
26954
27008
27176
27233
27306
27400
27474
27530
27672
27692
27722
27829
28060
28228
28322
28474
28584
28673
28792
28859
28962
29017
29078
29204
29210
29522
29593
30142
30300
30682
31027
31035
31057
31228
31360
31434
31483
31767
31891
32146
32156
32158
32357
32729
32730
32767
32797
33091
33342
33428
33437
33548
33765
33927
33978
34000
34349
34365
34423
34552
34627
34639
34856
34999
35001
35391
36092
36498
36560
36861
36891
36956
37014
37086
37331
37658
37718
38025
38097
38252
38333
38343
38522
38719
38895
38937
38970
39093
39211
39456
39585
39940
39949
39967
40027
40249
40690
40744
40757
40864
40970
40973
41027
41095
41166
41251
41277
41371
41758
41824
42047
42065
42072
42149
42310
42385
42602
42781
42877
42954
42979
43068
43329
43793
43873
44058
44091
44201
44227
44238
44615
44719
44763
44917
44986
44990
45109
45126
45180
45225
45449
45474
45521
45640
45827
46016
46118
46204
46343
46397
46436
46606
46629
46775
46980
47000
47374
47378
47418
47529
47956
48234
48657
48680
48734
48737
48789
48885
49106
49211
49233
49258
49418
49429
49588
49679
49810
49841
50001
50175
50333
50361
50371
50607
50659
50668
50881
51199
51300
51328
51632
51705
51723
51991
52119
52250
52482
52672
52853
52864
53001
53311
53460
53488
53794
53899
53910
53929
53997
54019
54060
54981
54997
55020
55347
55387
55577
55674
55839
55923
55966
56217
56272
56478
56491
56584
56590
56700
56785
56811
56822
56908
56975
56992
57057
57059
57180
57206
57296
57301
57351
57447
57577
57580
57725
58082
58745
58892
58999
59016
59045
59063
59070
59313
59319
59368
59593
59674
59687
59820
59852
59894
60162
60342
60381
60455
60559
60811
61499
61708
61849
62013
62032
62178
62246
62402
62459
62916
62956
63017
63104
63372
63436
63469
63763
63839
63854
63963
64037
64135
64226
64241
64262
64310
64665
64745
64870
65081
65393
65398
65462
65472
65634
65759
65897
66055
66115
66294
66313
66446
66631
66733
66843
67310
67611
67806
67878
68107
68618
68637
68775
68825
68992
69007
69043
69167
69394
70131
70162
70236
70317
70528
70669
70672
70760
70885
71054
71170
71329
71444
71491
71759
71793
71807
72039
72273
72520
72536
72746
72828
72903
72963
72974
73122
73161
73680
73683
73766
73916
73926
73960
74081
74246
74678
74995
75286
75391
75508
75665
75724
76006
76293
76443
76549
76672
76818
77220
77292
77510
77602
77650
77836
78012
78092
78113
78219
78256
78293
78467
78551
78564
78715
78737
79183
79447
79536
79573
79842
79872
79897
80006
80145
80257
80380
80408
80523
80559
80596
81014
81053
81125
81441
81444
81471
81494
81529
81541
81735
81808
81873
81908
82839
83182
83282
83636
84128
84276
84290
84420
84462
84814
84815
84850
85037
85247
85457
85997
86086
86403
86409
86515
86662
86839
86885
86983
87004
87109
87242
87292
87542
87865
87896
88090
88277
88512
88548
88872
89394
89834
90039
90128
90531
90776
90818
90999
91064
91079
91282
91771
91793
92413
92465
92617
92622
92871
93124
93214
93245
93782
93815
93948
94170
94394
94502
94617
94620
94803
94849
94965
95075
95091
95484
95516
95539
95630
95726
95822
96379
96391
96579
96682
96806
96998
97283
97320
98019
98672
98749
98845
98906
98931
98939
99079
99152
99323
99327
99480
99555
99813
100168
100171
100428
100466
100608
100689
100698
101161
101188
101630
101637
102102
102172
102245
102586
102650
102848
102875
103073
103127
103217
103274
103393
103484
103590
103679
103817
103873
104156
104454
104620
104785
104902
105173
105272
105396
105445
105460
105891
105926
106202
106518
106524
106550
106804
106873
107009
107103
107331
107389
107447
107586
107968
108162
108279
108376
108432
108488
108512
108663
108675
109181
109210
109666
109753
109790
109984
110037
110501
110735
110900
110935
111043
111093
111265
111307
111367
111443
111513
112442
112884
113039
113392
113612
113676
113738
113823
114772
115155
115159
115280
115318
115363
115561
115567
115700
115943
116058
116235
116418
117453
117788
117792
117998
118027
118275
118795
118852
118874
119026
119364
119746
119839
119847
119855
120227
120391
120663
120914
122854
122966
123156
123359
123518
123602
123719
123729
124358
125114
125312
125631
125696
126056
126057
126094
126124
126185
126228
126618
126699
126718
126721
126793
126880
127024
127101
127124
127242
127332
127731
127792
128091
128101
128203
128222
128394
128900
128942
129078
129119
129163
129333
129890
130049
130552
130820
131058
131062
131255
131398
131432
131934
131970
132933
133049
133217
133590
133634
133780
133807
133820
133862
134859
134870
135269
135740
135786
135836
135864
135900
136097
136255
136427
136575
136624
136993
137866
138080
138130
138643
138876
139085
139100
139199
139290
139304
139310
139708
139742
139967
140152
140378
140859
140968
140984
141049
141148
141646
141704
142190
142605
142744
143049
143474
143613
144055
144343
144428
144473
144972
145067
145260
145589
145803
146324
146861
147017
147642
147960
148474
149162
149253
149577
149682
149752
149894
150005
150052
150216
150412
150482
150613
150831
151403
151432
153229
153377
153394
153411
153448
154563
155171
155179
155552
155839
156100
156130
156199
156230
156323
156608
156654
156783
157247
157411
157495
157799
158894
158954
159069
159119
159435
159616
159619
159919
160019
160282
160779
161297
161320
161339
161451
161580
161676
161822
162040
162699
163208
163485
163665
163923
164160
164649
164698
165497
165715
166495
167109
167318
167418
167877
168097
168329
168714
168749
168861
169234
169273
169352
169561
170519
170557
170560
170768
171097
171286
171554
171625
172262
172527
172710
172774
172910
173172
173362
173452
173540
173545
173655
174434
174455
174738
174754
174907
174960
175011
175041
175201
175250
175474
175685
176039
176138
176187
176220
176576
176620
176874
177096
177188
177226
177254
177273
177421
177498
177606
177694
177742
177836
177859
177876
177900
177908
178127
178145
178291
178359
178449
178624
178774
178792
178804
178834
178880
178915
178990
179011
179067
179109
179127
179178
179273
179343
179470
179611
179650
179703
179834
179889
179891
179949
180110
180119
180133
180199
180388
180439
180498
180585
180824
180878
181110
181202
181230
181390
181800
181846
181968
182113
182321
182340
182502
182571
182861
183036
183274
183284
183310
183492
183512
183547
183664
183684
183699
183826
183837
183838
183883
183956
184022
184047
184101
184213
184259
184353
184457
184563
184751
184760
184901
185235
185238
185368
185533
185556
185557
185614
185917
185961
186062
186099
186157
186322
186414
186466
186515
186530
186668
187022
187249
187351
187792
187842
187906
187918
188028
188162
188261
188269
188405
188415
188521
188597
188811
189001
189027
189177
189194
189373
189560
189755
190006
190194
190293
190575
191129
191235
191354
191489
191564
191599
191684
191704
191730
191735
191811
191858
192015
192234
192264
192273
192305
192381
192563
192593
192669
192681
192739
192880
192946
192958
192998
193028
193165
193166
193260
193424
193520
193599
193710
193738
193782
193850
193888
193992
194003
194059
194090
194249
194306
194339
194349
194354
194412
194471
194474
194483
194786
194843
194953
195090
195095
195266
195469
195493
195508
195597
195614
195680
195704
195729
195745
195755
195783
195818
195824
195839
195842
196029
196392
196423
196519
196658
196781
196958
197099
197213
197949
198411
198635
198943
199244
199260
199551
200015
200236
200311
200463
201151
201706
202580
202681
203242
203766
203793
203837
203861
203886
203894
203911
203992
204013
204906
205744
205878
205973
206015
206284
206549
206587
206617
206920
206941
207743
208020
208239
208763
209376
209886
210270
210398
210641
210855
211143
211946
212134
212460
212467
212497
212597
212663
212762
212830
212853
213113
213389
213569
213593
213634
213834
213938
213946
214401
214871
214949
214995
215538
215540
215782
215989
216137
216381
216541
216613
216905
216932
217001
217730
217733
217825
218395
219000
219042
219503
219547
220087
220123
220220
220271
220357
220955
221012
221035
221160
221565
221585
221590
222213
222538
222699
224341
224986
225008
225331
225742
225778
225904
225909
226428
227016
227209
227293
227483
227796
227910
228145
228372
228442
229092
229255
229308
229890
230291
230311
230389
230613
231295
231324
232434
232484
233399
234056
235248
235315
235441
236488
236701
236869
237351
237588
237937
237970
238052
238585
239231
239365
239387
239589
239745
240096
240152
240282
240329
240529
240949
242611
242700
242930
243147
243318
243352
243457
243888
243990
244207
244256
244509
245991
246144
246543
246800
246840
247560
247799
247819
247961
248171
248180
248531
248544
248591
248750
248949
249153
249298
249617
250385
250438
250758
250900
251766
252093
252365
252524
252664
253153
253185
253559
253834
253873
254500
254637
255211
255332
255472
255956
256085
256152
256314
256351
256707
256810
257445
258032
260465
261247
261700
262024
262850
263191
264188
264483
264715
265048
265534
265679
265755
266353
266613
267269
268801
268895
269544
269729
270340
270396
270671
270817
271046
272851
274147
275266
276103
276619
276644
276988
277458
277553
278290
278504
279106
279120
279168
279862
280333
281054
282544
284812
284923
286612
287191
287867
287907
288163
288284
289448
289659
289816
290052
290056
291112
292207
292284
293521
293661
293774
294200
294525
294671
294682
295324
296543
296757
297229
297479
298050
298132
298565
298714
298886
299482
300120
300675
300679
301162
301882
302789
303128
303487
303721
305359
305423
305768
306045
307230
307330
307524
307808
308400
308922
309085
309099
309694
309749
314075
314282
314301
314493
314869
315029
315187
315293
315529
315587
315807
316365
317884
317928
323843
324131
324171
324367
324416
324488
324895
324924
324979
325038
325073
325130
325368
325653
325739
325778
325930
325936
326042
326365
326411
326525
326654
326852
326893
326910
327038
327059
327458
327627
327630
327773
327893
327941
327976
328043
328065
328210
328686
328859
329101
329179
329311
329323
329546
329568
329918
330118
330162
330649
330820
331001
331121
331243
331706
331734
332073
332088
332129
332303
332658
332675
332986
333175
333383
333893
333923
333986
334210
334573
334623
334763
335432
335476
335487
335756
336405
336511
336681
336846
336891
336954
337127
337143
337242
337326
337459
337949
338039
338171
338178
338200
338231
338294
338507
338594
338636
338957
339030
339040
339261
340342
340531
340699
340818
340925
341184
341225
341234
341547
341832
341981
342088
342189
342258
342727
343017
343097
343100
343369
343682
343842
343845
343860
343998
344020
344320
344349
344357
344752
344776
344888
344892
345047
345249
345370
345881
345969
346096
346246
346272
346527
346561
346861
347216
347272
347284
347287
347366
347426
348006
348042
348174
348188
348317
348350
348788
348880
349152
349206
349217
349460
349543
349726
349792
350171
350196
350251
350263
350496
350634
350865
350905
351024
351030
351490
351551
351560
351562
351605
351772
351960
352103
352123
352139
352189
352273
353272
353658
353706
354200
354304
354394
354495
354596
355057
355577
355681
355693
355907
356064
356365
356602
356782
357100
357204
357878
358308
358324
358325
358440
358545
358760
358943
359119
359349
359864
359975
360050
360286
360434
360437
360482
360501
360788
361345
361527
361985
362006
362018
362516
362636
362910
362989
363065
363074
363319
363371
363471
363487
363773
363787
364145
364312
364401
364411
364761
365175
365182
365187
365414
365729
365906
365970
366672
366958
367121
367205
367585
367856
368191
368349
368590
368611
368876
369405
369670
369823
369865
369923
370016
370289
370415
370498
370516
370546
370555
371389
371668
371754
371824
371861
371875
372358
372531
372614
372703
372755
372800
373577
373828
373868
374119
377400
379305
380007
380336
380979
381439
382606
382852
383497
383740
384996
385001
385009
385104
385106
385153
385229
385277
385296
385305
385336
385414
385473
385480
385503
385574
385588
385695
385703
385726
385867
385898
385974
386014
386015
386097
386118
386425
386478
386498
386499
386612
386725
386787
386809
387009
387073
387183
387191
387308
387366
387536
388039
388244
388284
388331
388491
388931
389047
389196
389244
389469
389498
390919
390961
398490
402535
412222
413302
414112
414252
414742
415907
416092
418887
421318
421581
422794
423100
423570
425250
425781
425919
426723
427670
428769
431257
432110
433792
433939
436641
440013
440963
444401
448187
448254
448675
448846
449192
449854
452412
452874
454512
454631
455578
457750
458464
462924
466745
467999
474267
474681
474828
475037
475223
475333
475781
475890
475945
476362
477536
477542
478070
479750
479763
479961
481027
481054
481070
481312
481745
481793
482359
482454
482873
483555
483611
484089
485277
485384
486066
486829
487101
490380
493399
493860
493915
493936
494101
494395
495129
495143
496667
497050
497103
497320
497432
497546
497620
497895
498178
498871
499402
499525
500216
500374
500720
500868
504444
506324
507703
507893
508772
508853
508893
511327
512158
512681
512731
515034
516783
521345
522076
525684
525883
526017
526404
528194
528730
528914
529066
529187
530775
532437
532918
536502
536886
537369
537453
537496
537784
539859
541414
541505
542209
544969
545305
547756
548849
549436
552170
552260
552542
556235
556727
557233
557618
558590
558668
560347
562586
563096
563911
564586
565105
570640
570885
570893
573252
576458
579660
579661
579780
579835
579839
579983
51
76
159
175
284
290
330
357
382
406
417
418
440
472
492
550
558
682
716
772
836
852
887
944
946
970
1023
1027
1044
1075
1086
1101
1127
1171
1229
1247
1269
1318
1335
1340
1345
1382
1386
1415
1441
1450
1487
1548
1550
1551
1575
1579
1594
1610
1674
1736
1769
1798
1813
1827
1910
1963
1968
1972
2001
2025
2030
2037
2047
2049
2091
2202
2220
2306
2414
2483
2553
2590
2617
2624
2626
2657
2658
2665
2724
2753
2757
2762
2763
2766
2787
2790
2799
2846
2883
2891
2923
2978
2994
3014
3064
3106
3111
3174
3196
3211
3242
3307
3314
3347
3355
3364
3393
3426
3467
3516
3523
3548
3565
3592
3594
3612
3624
3640
3650
3667
3669
3676
3682
3740
3758
3759
3779
3803
3806
3823
3847
3860
3882
3889
3966
3972
3996
4130
4158
4160
4169
4223
4234
4250
4279
4307
4309
4376
4448
4524
4642
4682
4735
4753
4755
4756
4777
4799
4893
4917
4968
5009
5015
5083
5109
5183
5193
5195
5245
5254
5259
5272
5294
5319
5329
5331
5375
5395
5396
5435
5441
5454
5517
5538
5544
5584
5663
5667
5727
5772
5849
5855
5873
5963
5980
5981
6021
6028
6077
6078
6082
6084
6117
6123
6144
6252
6294
6298
6312
6314
6381
6396
6441
6463
6472
6475
6497
6547
6596
6640
6646
6647
6669
6713
6724
6748
6780
6796
6799
6811
6999
7057
7085
7120
7165
7202
7217
7224
7249
7270
7301
7314
7319
7345
7371
7408
7423
7434
7494
7495
7505
7511
7570
7573
7621
7631
7672
7739
7745
7750
7779
7786
7794
7804
7866
7923
7978
7992
7998
8032
8054
8080
8098
8138
8156
8176
8224
8240
8262
8275
8279
8310
8428
8484
8543
8548
8551
8581
8637
8731
8760
8761
8767
8809
8821
8832
8841
8893
8948
8976
8978
9049
9052
9095
9158
9164
9170
9186
9233
9252
9263
9367
9382
9383
9469
9472
9482
9610
9612
9649
9749
9773
9809
9823
9834
9841
9849
9859
9890
9921
9983
10026
10064
10119
10145
10213
10230
10261
10296
10297
10384
10436
10445
10482
10510
10568
10570
10578
10581
10582
10585
10614
10616
10656
10678
10703
10757
10774
10779
10828
10859
10907
10910
10911
10921
10930
10932
10991
11011
11046
11059
11081
11144
11248
11265
11285
11295
11309
11319
11346
11353
11374
11387
11394
11413
11415
11425
11471
11517
11586
11602
11604
11663
11685
11806
11833
11891
11902
11940
11941
11956
11989
12002
12024
12053
12110
12111
12147
12171
12174
12188
12191
12198
12208
12259
12301
12307
12333
12348
12380
12392
12405
12437
12439
12456
12482
12538
12549
12555
12563
12615
12621
12660
12709
12719
12737
12776
12789
12799
12809
12848
12853
12861
12863
12866
12871
12874
12986
13024
13095
13214
13227
13301
13346
13355
13358
13384
13390
13415
13507
13543
13550
13625
13645
13705
13711
13737
13747
13760
13791
14019
14071
14110
14152
14241
14284
14367
14380
14426
14510
14898
14902
14939
15100
15136
15141
15185
15217
15411
15509
15627
15708
15816
15858
15885
15980
16011
16112
16153
16173
16175
16402
