1889
1983
2203
2979
3206
3589
3672
3973
4331
5121
5739
5797
5894
5930
6470
8906
9356
9850
10280
10833
13201
13213
13725
13884
14717
14757
15781
17064
20856
21527
22388
22432
23598
25917
28218
28408
28832
28983
32211
35119
39346
41214
43350
44165
45269
45633
45921
47327
48343
53170
57091
57154
58642
59014
62076
67908
69804
69917
76343
79852
83137
87532
89039
93557
114134
120386
123766
124918
128651
130292
145695
153237
179224
182522
192395
196506
196559
196622
196803
198548
211819
212570
229001
293214
295952
314594
314647
315620
327816
328442
328681
346302
351671
355136
362051
383755
384843
559
935
1110
2777
2958
2973
4055
4705
4868
5045
8251
8719
9253
9372
9591
9635
10109
11096
11748
12275
13230
13940
15656
15735
16157
17391
18293
18410
18946
19948
20072
20107
20120
21696
24237
26068
27183
28987
31324
33534
39278
41304
41638
41826
43260
43531
44998
45025
47887
48726
48855
51298
51680
53454
55877
56983
58882
65281
70709
72070
72521
76687
77068
83973
87872
97587
101428
107818
119785
121302
130527
131657
134171
135761
139368
141263
147480
150957
160877
161458
196923
201110
223033
242593
255076
255614
258075
277399
314500
314659
316484
325327
328015
330061
331027
332121
335408
335766
337839
340074
347259
386919
387927
388243
388532
477931
546474
560621
217
664
2044
2386
2807
3099
3128
3294
3356
3556
3678
4381
4438
5014
5213
5266
5537
5862
6236
6850
8206
9484
9883
10062
10924
12161
12182
12961
14052
14205
14215
15258
15571
18275
18672
18965
19510
21902
23506
23720
25145
25246
25485
26468
26530
26574
27671
29026
29227
29394
31654
33961
35087
35718
36259
39208
40779
42070
42210
43667
47149
47646
50100
53946
55245
58879
61909
73802
77326
80619
81039
82568
91630
97296
123139
124658
133092
135791
139831
149549
153444
158198
158356
161538
163177
175400
176640
180737
190949
191282
193706
195108
195641
197395
198608
202640
208978
219769
282448
315782
326396
328269
329878
331608
338315
347791
347869
347909
347969
348095
348826
348837
355189
358516
359417
365527
372754
384841
385083
385170
385173
386655
387999
442372
473820
497885
787
967
1267
1365
1836
3277
3762
4035
4247
4787
5348
6148
6384
6498
8178
8402
8528
9146
9167
9385
9944
10008
10144
11598
12273
12632
13130
13258
14766
15605
16507
17151
17723
17860
18868
19550
19877
20553
20779
22277
22477
22872
23205
25354
27004
28508
29081
31101
31285
31314
31407
31490
32461
34827
35319
35691
37443
37453
37770
39544
39683
40154
41749
46133
47341
47490
48262
52332
55297
55897
61330
61684
64962
72558
72595
73601
78225
78691
81109
85746
89894
90114
92405
92724
92863
95140
110880
118629
125800
133303
135776
142013
144776
150657
155934
160849
170615
175065
188770
191407
192867
193041
200772
203782
208387
208483
224328
262934
289439
303758
314660
324971
325589
326605
326704
328088
329396
331731
345054
350101
350702
351283
352702
354356
355121
360170
368847
369099
372137
385057
385278
385616
385706
412768
495543
506937
524087
527732
546710
547344
556991
562521
92
578
2432
2804
3289
3535
4658
4930
5698
5738
6008
6039
8523
8923
9211
9513
9876
10142
11666
12292
12662
12753
13670
16408
16430
16451
19484
20121
20139
20787
21832
21870
22162
22185
23034
24141
24175
24622
25960
25997
27057
28335
28396
28414
29165
31089
31120
31222
32018
32105
32132
32208
32666
33155
33511
34499
37547
37655
38280
39497
39860
39971
40472
41217
43053
43251
43309
44935
47096
48475
50362
50937
51004
52648
52785
55177
55386
56746
57006
57867
59298
60201
60367
61630
62650
62712
63584
64314
67438
68277
70609
74377
75453
75772
76750
77012
77816
79304
79980
81699
82879
84492
86238
86307
87415
88963
89239
90139
94415
94439
101726
102898
111841
123942
124803
125073
132607
132664
134163
138190
138912
147391
148104
153050
153129
159159
164104
167870
174574
176900
180071
182425
185548
189490
191232
191373
192469
200335
205159
208411
232770
269539
283031
287280
326322
326344
329747
330157
331143
339813
344239
347273
350467
355073
357191
372647
372710
373773
463399
495845
500286
526315
281
319
580
861
1015
1403
1764
1852
2136
2374
2422
2939
3251
3908
3941
4205
5939
7153
7492
8326
9247
9422
9451
10806
11128
11146
11943
12489
12562
12603
12605
12622
13741
13858
14446
14487
14653
15499
15569
15687
16031
16171
17242
17403
18576
24575
25710
26176
26250
26924
26988
27255
27895
28623
28634
28887
30085
31834
31852
33159
34046
34239
34433
37241
37589
38355
39502
40658
41986
42372
43372
43956
44713
44822
46411
47663
48995
56370
60456
60569
64128
64857
65567
66176
71979
72294
74302
74787
80991
81560
81610
84091
85634
87364
89565
90892
94398
94841
95764
102062
107912
108443
112226
115395
115937
125624
127360
127976
140812
147144
158357
161779
168198
171619
174095
174895
175359
176499
179145
180172
180176
180312
181745
184392
185737
185831
186173
187349
187584
188161
189467
189653
191337
194217
195129
195352
196891
205038
205176
209527
217789
224898
227009
238454
239104
256587
273981
297936
314565
314694
316513
317674
320379
324497
328505
332456
334775
335317
335326
338079
338980
342179
343416
344409
344934
347026
347566
347818
347963
347972
348034
348527
348780
349153
349787
350505
350831
351828
352622
354176
358627
360279
361032
361749
363037
363627
365227
365275
368885
369702
371390
371450
372600
382049
384774
385183
385243
385280
385635
386106
389974
459982
497490
545011
549647
1513
1672
1892
1941
2041
2244
3386
4659
4701
4886
5831
6901
7152
7358
7541
7567
8508
8537
8626
8937
9015
9223
9804
12698
13598
13692
13706
14721
15577
15719
17378
17605
17973
18355
18736
19210
19396
19686
20103
21816
23231
24169
24260
24376
24992
26232
26463
26705
26905
27427
27630
27737
28384
28904
29466
31438
31807
31917
32182
33248
33651
34224
34336
35000
35050
36638
37298
37614
40059
43907
44249
44775
44786
45089
45548
46193
46421
49319
49363
50646
51984
56502
57018
57392
57668
59137
63262
65893
66275
72832
73612
74066
74182
77899
82666
86389
90386
91600
92246
92630
92643
92781
95393
99990
100942
105112
106573
123995
133224
133952
133981
134025
134264
136337
138852
139770
141560
144826
146307
155247
155755
176411
183257
183395
184867
187400
190893
191093
191838
192048
192675
192811
193916
197104
197936
198514
202395
227599
230507
231174
234031
243616
249027
254484
310153
314588
315165
319152
324153
324487
331637
333049
333574
338655
339526
340944
341895
343484
345709
346514
