193168
193179
193294
193307
193338
193476
193528
193541
193571
193586
193653
193727
193933
193964
193968
193975
194057
194065
194074
194132
194139
194162
194202
194257
194304
194363
194422
194423
194473
194478
194537
194568
194647
194668
194686
194712
194886
194888
194935
194950
194972
195016
195156
195173
195249
195284
195290
195322
195334
195336
195407
195580
195584
195637
195663
195732
195750
195775
195786
195816
195827
195909
195972
195973
195996
196158
196377
196483
196700
196788
196825
196884
196911
196971
197174
197443
197448
197727
197823
197895
197903
197963
197965
198124
198151
198156
198281
198282
198324
198365
198377
198382
198698
198842
198892
198970
199295
199329
199356
199491
199782
200132
200427
200523
200551
200765
200831
200901
200910
201106
201248
201420
201491
201902
202019
202788
202846
202911
203627
203779
203836
203859
203867
203929
204449
204652
204840
204880
204887
205050
205380
205460
205572
205587
206105
206328
206421
206569
206672
206726
207096
207128
207156
207196
207337
207588
207922
208673
208815
209408
209621
209963
209972
210252
210482
210697
210792
210912
210967
211297
211463
211535
211551
211622
211770
211813
212103
212494
212523
212617
212681
212743
212791
213193
213503
213555
213638
213908
213923
214169
214208
214256
214318
214893
215250
215425
215439
215563
215845
215931
216040
216048
216191
216357
216564
216597
216765
216806
216813
217008
217056
217144
217387
217398
217407
217424
217711
217855
217978
218106
218584
218795
218899
219134
219246
219249
219268
219408
219441
219501
219712
219939
220392
220465
220626
220733
220830
221032
221156
221184
221385
221536
221571
221576
221677
221846
221911
222041
222355
222459
222709
223208
223932
224001
224025
224120
224165
224203
224565
224577
224694
225231
225446
225802
226005
226189
226611
226646
226728
226742
226743
226881
226889
226951
227045
227123
227138
227634
227823
228140
228192
228428
228430
228569
228894
228960
229028
229389
229474
230466
230540
230573
230762
230967
230991
231011
231072
231102
231204
231296
231423
231443
231624
231744
231952
231982
232038
232109
232485
232504
233101
233184
233207
233285
233332
233395
233539
233541
233673
233767
233968
234005
234306
234361
234663
234693
234842
235285
235496
236361
236384
236397
236822
236901
237796
237809
237879
238022
238268
238325
238390
238396
238466
238479
238697
238748
239080
239174
239484
239551
239644
239720
239854
239865
240269
240499
240558
241140
241301
241531
241880
242000
242069
242471
242492
242646
242713
242811
242906
243136
243143
243330
243538
243609
243916
243949
243954
244337
244506
245096
245273
245413
245800
245995
246331
246450
246621
246661
246890
246936
247027
247041
247597
247624
247723
247868
248147
248172
248363
248394
248653
248701
249104
249129
249982
250057
250111
250133
250279
250431
250662
250676
250858
250888
250903
251049
251367
251418
251614
251782
251977
251994
252069
252207
252277
252651
253222
253227
253376
253547
253722
254200
254379
254940
255340
255514
255543
255590
256326
256499
256542
256552
256731
256756
256834
256881
256902
257125
257169
257483
257501
257536
257596
257718
257824
258058
258099
258363
258614
259061
259202
259246
259440
259445
259872
259874
259890
260159
260303
260376
260453
260686
261089
261131
261135
261198
261304
261324
261589
261848
261908
261962
261977
262048
262095
262430
262579
262775
262871
263007
263020
263366
263563
263601
263682
264006
264036
264689
264817
265285
265458
265639
265728
266386
266593
267339
267340
267393
267474
267529
267549
268016
268021
268425
268510
269091
269373
269739
270086
270166
270209
270437
271104
271329
271400
271724
271776
272062
272477
272528
272616
272843
273245
273360
273416
273421
273635
274669
275112
275168
275384
275474
275590
276112
276597
276919
277010
277190
277546
277610
278390
279581
279644
279645
280425
280653
280897
280923
280996
281266
281334
281772
281780
281820
281875
282762
282954
283001
283046
283413
283620
283770
284209
284491
284644
284780
285765
285906
286383
286642
286678
286922
286962
287294
287296
287759
288086
288277
288725
288915
288938
288973
289139
289635
289973
290363
290649
290795
290922
291404
291457
291697
291808
291932
292521
292541
292602
292832
292969
293000
293204
293317
293319
293517
293533
293918
294313
295050
295380
295476
295577
296314
296539
297095
297358
297391
297409
297447
297539
297544
297622
297672
297823
298008
298068
298362
298473
298656
298890
298914
299995
300064
300117
300347
300697
301149
301401
301406
301447
301459
301640
302561
302891
303230
303650
304073
304109
304240
304550
304625
304744
305354
305862
305942
305983
306055
306764
306787
306914
306946
307127
307182
307472
308307
308797
309498
309986
310568
311342
311393
312136
313387
314208
314222
314275
314549
314649
314721
314784
314851
314905
315131
315158
315204
315391
315417
315439
315473
315644
315746
315749
315896
316113
316149
316272
316312
316359
316415
316644
316682
316693
316772
316925
317139
317403
317495
319024
319287
319504
321173
323637
323692
323706
323767
323829
323890
324350
324520
324579
324598
324617
324647
324680
324752
324769
324808
324852
324897
325021
325049
325310
325369
325379
325480
325484
325496
325620
325621
325999
326011
326080
326318
326326
326378
326664
326736
326856
327052
327177
327205
327219
327234
327279
327476
327655
327761
327861
327910
327925
328334
328401
328665
328667
328893
328899
329250
329292
329357
329367
329588
329642
329694
329804
329854
330134
330556
330714
331153
331154
331424
331513
331587
331604
331829
331869
331892
331948
332018
332386
332556
332654
332929
332941
332967
333181
333255
333336
333429
333589
333913
333985
334048
334174
334197
334330
334473
334501
334532
334663
334699
334866
334960
335146
335360
335364
335383
335460
335562
335605
335637
335814
335851
335870
335875
336179
336203
336387
336401
336459
336545
336558
336779
336825
336988
337009
337288
337399
337510
337550
337596
337664
337721
337740
337946
337970
338027
338034
338064
338081
338093
338096
338192
338359
338550
338567
338587
338598
338711
338819
339126
339208
339339
339342
339382
339508
339555
339576
339602
339607
339636
339885
339887
339962
340055
340205
340677
340691
340696
340715
340774
340947
340983
340991
341000
341032
341084
341623
341768
341786
341822
341989
342068
342076
342101
342233
342295
342321
342377
342467
342538
342553
342648
342730
342857
342941
343143
343725
343878
343949
344140
344340
344551
344714
344853
344974
345660
345733
345780
345922
345929
345971
346010
346137
346209
346447
346487
346712
346867
346902
346913
347166
347304
347322
347541
347857
347976
348086
348125
348161
348344
348429
348463
348547
348574
348690
349035
349148
349151
349263
349329
349361
349817
349974
349979
350127
350246
350290
350337
350864
350915
351160
351426
351447
351511
351782
351874
352023
352057
352069
352261
352297
352555
352761
352811
352838
353723
354519
354628
354816
354863
355250
355406
355480
355615
355664
355821
355881
356271
356522
356540
356713
356843
357321
357401
357404
357524
358044
358601
358697
358833
358905
358912
358947
359007
359120
359373
359445
359866
360176
360251
360647
360763
360993
361059
361333
361386
361738
362421
362553
362736
362957
363119
363130
363148
363198
363566
363621
364002
364048
364365
364441
364466
364507
364637
364642
364675
364712
364765
364766
364838
364860
364958
364999
365108
365231
365239
365268
365316
365732
365755
365969
366031
366182
366268
366389
366398
366479
366493
366620
366683
366847
366906
367294
367736
367833
367906
367914
367919
368391
368471
368593
368806
368988
369084
369127
369247
369290
369425
369695
369729
369989
370249
370364
370613
370681
371184
371372
371692
371865
372589
372766
372889
372933
373058
373161
374122
374466
374568
374809
374956
375235
375725
376383
376520
376556
376693
377505
377802
377843
377969
377976
378906
379016
379021
379263
380200
380744
381132
381370
381389
381483
381536
381538
381605
381905
382075
382867
382998
383016
383051
383092
383727
384807
384813
384827
384833
384934
384957
384973
384995
385019
385041
385063
385065
385213
385240
385250
385251
385252
385284
385302
385325
385401
385424
385463
385499
385514
385568
385570
385581
385750
385769
385802
385862
385916
385919
385970
385988
385998
386048
386065
386076
386139
386141
386254
386275
386282
386337
386417
386483
386587
386616
386656
386766
386839
386907
386921
386967
387019
387044
387118
387139
387155
387250
387285
387298
387318
387406
387421
387444
387458
387504
387576
387616
387630
387712
387773
387801
387890
387944
387990
388025
388110
388128
388145
388185
388216
388276
388349
388461
388481
388601
388646
388664
388750
388769
388804
388856
388886
389133
389286
389310
389327
389389
389499
389813
390028
390198
390324
390614
391156
391316
391714
392588
393143
393507
393947
394396
394999
395458
398717
400670
402440
406383
412452
414596
415231
415421
415817
416111
416713
418222
418359
419134
419931
421792
422512
422681
422738
422921
424090
425234
425534
426126
426191
426892
427153
429221
430807
431357
431384
431561
432657
433327
433601
433780
433795
433980
434932
435364
436680
437040
437294
437529
438058
438337
438573
438575
440192
440836
441121
441304
442428
442736
443498
443717
444346
445712
445713
446210
446767
448338
448426
449975
450661
451561
451820
452419
453267
453991
454096
454188
454789
455165
455576
455666
457207
457441
457443
458397
458597
458990
459228
460168
460626
461972
462133
462939
463103
463340
465450
467418
468628
468971
472453
472836
473880
474677
474737
474871
475490
475679
476653
476686
476688
476706
476733
476816
476955
477337
477461
477682
477740
477949
477986
478496
478522
478569
479273
480206
480520
480974
481080
481349
481354
481738
481980
482506
482734
483673
484088
484425
484521
484833
485445
485720
485850
486103
486297
486305
486595
487578
487960
488352
490618
491414
491577
491613
491972
492088
492496
492552
493143
493397
493532
493677
493914
493941
493956
494016
494113
494237
494238
494458
494682
494823
494837
495007
495356
495467
495648
495735
496165
496185
496217
496730
497208
497263
497819
498194
498218
498274
498280
498914
499414
499527
499781
499926
500014
500116
500278
500350
501260
501301
501770
501874
502182
502348
503111
503510
504151
504681
504791
505801
506043
506909
507120
507786
509548
510133
510369
511661
512142
512508
512788
513360
514495
515075
515404
518218
520111
520128
521239
521291
522511
522598
522812
523186
523356
523720
524963
525064
525331
525646
525962
526336
527153
527240
527589
528732
528753
529567
530004
530053
530124
530289
530653
530868
532060
532451
532658
532890
532934
533061
533454
533685
533788
535370
535451
535584
535671
535971
536128
536486
536813
537284
537471
537477
537486
537563
538340
539091
539298
540067
541258
541473
541929
542984
543097
543585
543848
544355
544718
545421
546215
546222
546234
546629
546748
547126
547583
547754
548047
548416
548652
549065
550311
550441
551740
552284
552384
552999
553811
553972
554055
554963
556370
556789
556931
558139
558904
559823
560665
561087
561126
561673
562766
563583
564755
565812
566003
567078
567487
568681
568926
570454
570507
571377
571403
571649
573052
573350
574513
575430
575713
576245
576467
576612
579121
579510
579620
579645
579671
579718
579738
579805
579806
579833
579850
580016
580161
580206
580534
260
277
304
561
585
722
771
793
823
875
897
916
918
953
974
1175
1179
1268
1298
1387
1438
1446
1472
1496
1508
1549
1574
1608
1621
1785
1845
1891
1947
2002
2012
2016
2057
2063
2247
2257
2264
2283
2426
2520
2536
2546
2586
2613
2664
2676
2752
2756
2789
2849
2871
3010
3021
3048
3104
3186
3194
3212
3297
3336
3342
3405
3406
3456
3570
3583
3656
3738
3745
3757
3761
3787
3805
3880
3910
3915
3965
4028
4086
4150
4157
4170
4185
4194
4212
4240
4291
4306
4355
4369
4373
4419
4486
4531
4541
4617
4709
4835
4922
4977
5025
5054
5058
5066
5103
5106
5162
5169
5211
5242
5257
5326
5327
5378
5400
5407
5412
5415
5452
5475
5513
5519
5560
5573
5660
5729
5741
5974
6005
6024
6055
6134
6160
6167
6199
6419
6448
6477
6513
6526
6583
6604
6692
6723
6853
6984
6997
7001
7043
7050
7084
7097
7119
7175
7240
7253
7271
7295
7304
7364
7400
7405
7419
7536
7550
7574
7576
7584
7670
7704
7715
7723
7761
7823
7836
7952
8010
8045
8051
8157
8177
8182
8295
8304
8346
8370
8455
8495
8511
8638
8654
8733
8740
8834
8864
8909
8931
8967
9002
9026
9043
9175
9216
9228
9361
9398
9481
9500
9569
9576
9631
9661
9703
9710
9728
9744
9754
9887
9892
9901
9932
10036
10056
10066
10117
10207
10258
10278
10423
10432
10442
10540
10575
10593
10600
10630
10653
10654
10684
10801
10810
10814
10849
10917
10922
10929
10999
11029
11070
11086
11090
11122
11217
11263
11279
11350
11407
11424
11511
11632
11642
11707
11708
11760
11795
11811
11818
11840
11877
11986
12062
12075
12105
12123
12124
12157
12233
12305
12350
12352
12362
12382
12386
12476
12511
12514
12545
12575
12623
12625
12635
12654
12690
12785
12787
12792
12812
12824
12839
12841
12851
12895
12948
12960
12976
12984
12991
13017
13084
13136
13167
13215
13223
13255
13265
13271
13366
13392
13401
13452
13511
13534
13570
13572
13584
13631
13659
13721
13754
13756
13757
13787
13793
13853
13903
13919
13943
13952
13989
14003
14097
14200
14265
14274
14342
14364
14400
14427
14513
14593
14618
14741
14749
14769
14780
14850
14858
14965
14997
15021
15038
15048
15103
15112
15208
15225
15279
15321
15439
15488
15498
15500
15523
15553
15576
15591
15597
15811
15821
15836
15923
15963
15966
16006
16034
16052
16080
16081
16252
16444
16494
16575
16692
16722
16766
16819
16891
16924
16942
16945
16986
17010
17181
17216
17234
17236
17337
17412
17537
17544
17628
17719
17885
18048
18154
18259
18272
18286
18290
18335
18359
18402
18439
18516
18602
18630
18706
18803
18838
18855
18865
18876
19030
19044
19062
19100
19153
19164
19165
19212
19240
19283
19375
19439
19441
19450
19596
19672
19679
19801
19827
19908
19917
19962
20116
20212
20267
20272
20308
20325
20351
20380
20394
20479
20504
20537
20540
20559
20561
20679
20775
20791
20970
21086
21272
21318
21351
21373
21395
21446
21534
21566
21636
21690
21741
21823
21848
21936
22039
22088
22090
22156
22241
22326
22402
22409
22429
22540
22548
22598
22653
22705
22978
23052
23058
23059
23108
23110
23234
23237
23292
23338
23347
23364
23384
23395
23490
23507
23533
23552
23576
23584
23597
23670
23710
23724
23725
23776
23814
23815
23820
23824
23850
23853
23889
23976
23985
24022
24106
24123
24184
24193
24205
24211
24261
24269
24318
24394
24501
24511
24638
24733
24777
24879
24908
24909
24954
24977
24981
24991
25018
25029
25143
25390
25394
25553
25675
25747
25757
25808
25899
25922
25937
25970
25979
26003
26037
26094
26151
26179
26215
26240
26355
26370
26381
26384
26385
26440
26444
26450
26675
26767
26770
26850
26872
26929
26982
27038
27074
27107
27109
27181
27191
27235
27285
27315
27346
27347
27361
27404
27564
27576
27681
27699
27700
27729
27730
27809
27850
27985
28011
28025
28112
28133
28148
28149
28212
28381
28473
28744
28779
28870
28879
28888
28894
29075
29161
29237
29311
29365
29391
29535
29539
29592
29823
29835
29866
29916
29982
30152
30228
30287
30328
30368
30379
30390
30436
30614
30878
30907
30919
30988
31076
31109
31211
31247
31328
31444
31532
31569
31626
31681
31706
31733
31756
32003
32092
32245
32315
32393
32403
32462
32581
32650
32707
32741
32831
32881
32965
32979
33037
33205
33232
33234
33361
33384
33442
33465
33486
33515
33647
33750
33785
33857
33892
34048
34108
34113
34123
34160
34321
34347
34357
34505
34534
34537
34573
34578
34609
34663
34704
34742
34848
34977
34995
35011
35021
35079
35155
35161
35248
35300
35461
35597
35699
35773
35883
35889
35891
35985
36148
36247
36339
36385
36465
36469
36530
36547
36564
36594
36715
36810
36817
36900
37010
37245
37295
37330
37359
37383
37410
37431
37468
37638
37757
37892
37895
38075
38175
38245
38304
38337
38373
38374
38465
38564
38833
38843
38863
38904
39041
39215
39268
39303
39388
39427
39555
39563
39590
39615
39636
39678
39857
39858
40023
40041
40071
40113
40129
40159
40223
40289
40428
40497
40498
40549
40655
40675
40688
40732
40792
41004
41021
41038
41048
41107
41131
41164
41276
41289
41295
41442
41452
41574
41800
41818
41831
41870
41872
41878
41893
41970
42018
42028
42269
42325
42383
42568
42600
42608
42637
42650
42656
42743
42760
42890
42915
42916
42920
42944
42948
42965
42991
43004
43077
43129
43158
43239
43411
43417
43449
43529
43541
43565
43626
43655
43690
43711
43760
43810
43854
43857
43869
43895
43913
43958
43997
44003
44030
44033
44052
44086
44117
44129
44168
44435
44445
44545
44565
44588
44626
44853
44887
44958
45039
45146
45199
45260
45337
45541
45655
45728
45803
45916
46073
46075
46175
46205
46223
46244
46276
46295
46424
46474
46802
46805
46868
46874
46875
46880
46906
46915
46986
47041
47110
47357
47417
47433
47449
47528
47531
47611
47644
47704
47874
47900
48096
48149
48212
48299
48390
48424
48521
48524
48605
48615
48829
49031
49111
49329
49392
49523
49849
49870
50214
50373
50492
50493
50521
50543
50572
50606
50656
50815
50932
50935
50947
51173
51224
51232
51256
51295
51311
51341
51371
51419
51510
51560
51607
51711
51794
51849
51927
51941
51992
52246
52268
52358
52443
52464
52487
52522
52600
52848
52887
52973
53015
53021
53186
53229
53285
53340
53399
53419
53578
53624
53644
53666
53865
53869
54057
54434
54445
54619
54624
54749
54773
54821
54867
55030
55281
55314
55315
55326
55329
55412
55420
55569
55618
55627
55702
55729
55739
55844
55863
55875
55947
55975
56027
56042
56043
56149
56184
56197
56309
56335
56349
56378
56406
56549
56585
56628
56649
56801
56882
56967
56996
57097
57114
57142
57176
57232
57256
57372
57389
57411
57427
57458
57463
57492
57495
57505
57808
57831
57954
58020
58049
58203
58225
58266
58394
58409
58697
58803
58867
58880
58906
59097
59275
59387
59468
59597
59798
59921
60008
60155
60173
60187
60408
60514
60610
60619
60679
60728
60765
60770
60787
60913
61073
61080
61090
61116
61226
61233
61234
61466
61506
61888
61918
61965
62012
62136
62228
62242
62515
62531
62581
62611
62640
62690
62749
62772
62871
62897
62955
62957
63033
63109
63139
63256
63299
63317
63333
63511
63540
63565
63578
63729
63784
63795
63849
63877
63952
64036
64088
64101
64119
64178
64185
64186
64272
64394
64460
64517
64596
64719
64887
64895
64954
64960
64975
65129
65139
65208
65287
65468
65482
65530
65575
65580
65613
65719
65805
65808
65881
65890
65939
65993
66005
66012
66033
66200
66351
66437
66611
66939
67052
67182
67318
67370
67738
67945
67987
68114
68125
68152
68173
68254
68309
68415
68495
68507
68525
68552
68578
68621
68623
68894
68912
69021
69055
69071
69139
69176
69455
69546
69611
69646
69734
69755
69758
69768
69985
70012
70033
70075
70093
70160
70211
70468
70501
70503
70655
70695
70817
70971
70985
71099
71130
71278
71315
71330
71452
71557
71600
71786
71789
71824
71891
71907
71911
71938
72013
72046
72071
72193
72199
72383
72441
72611
72712
72762
72847
72933
72943
72971
73006
73020
73052
73186
73222
73304
73393
73595
73646
73666
73756
73817
73837
73862
73963
74037
74077
74288
74312
74371
74479
74587
74633
74655
74684
74831
74886
74898
74908
75005
75009
75121
75133
75291
75664
75688
75706
75865
76055
76077
76086
76145
76180
76183
76342
76350
76441
76559
76610
76684
76689
76765
76779
76784
76797
76835
76893
77039
77105
77112
77206
77217
77263
77367
77371
77464
77469
77475
77592
77607
77720
77915
77970
77973
77984
77987
78078
78091
78188
78363
78402
78413
78585
78622
78868
78928
79198
79217
79236
79240
79359
79486
79569
79667
79840
79874
79901
79983
80077
80148
80170
80385
80552
80601
80618
80749
80778
80818
80904
80985
81097
81111
81219
81225
81229
81232
81270
81321
81326
81345
81406
81466
81481
81665
82008
82120
82162
82164
82441
82499
82658
82738
82763
82775
83002
83055
83140
83286
83343
83529
83685
83773
83872
84277
84418
84435
84546
84567
84636
84891
84949
84978
85038
85169
85172
85234
85266
85275
85303
85506
85681
85753
85789
85830
85876
85886
85984
86013
86020
86036
86220
86272
86379
86396
86676
86680
86709
86740
86828
86854
87142
87361
87414
87432
87452
87456
87459
87488
87573
87727
87744
87824
87835
88024
88064
88141
88310
88456
88458
88507
88663
88696
88728
88730
88768
88779
88941
88970
89024
89061
89063
89088
89094
89395
89397
89603
89608
89909
90051
90107
90126
90152
90255
90308
90323
90404
90449
90490
90492
90506
90616
90905
90971
91044
91172
91410
91668
91820
91910
91917
92005
92045
92065
92108
92163
92239
92348
92488
92549
92611
92660
92761
92845
92886
92892
93074
93076
93112
93147
93301
93319
93395
93421
93625
93654
93719
93787
93861
93988
93998
94001
94033
94085
94299
94412
94435
94657
94705
94824
95018
95022
95059
95069
95080
95086
95153
95198
95203
95251
95311
95389
95403
95741
95986
96029
96047
96201
96254
96259
96357
96365
96373
96460
96616
96629
96641
96697
96725
96810
96918
96942
97040
97189
97277
97285
97367
97388
97544
97774
97990
98042
98045
98219
98251
98268
98530
98545
98907
99221
99287
99414
99469
99478
99527
99542
99581
99644
99653
99814
99872
100070
100101
100133
100207
100227
100405
100444
100655
100745
100835
100861
100871
100938
101062
101167
101220
101321
101425
101460
101588
101665
101696
101835
101852
102060
102063
102081
102422
102467
102506
102640
102726
102789
102827
102866
102868
102975
102980
103044
103069
103117
103128
103155
103163
103253
103265
103337
103338
103500
103609
103741
103833
104161
104275
104405
104498
104557
104571
104618
104662
104748
104959
104971
105082
105123
105139
105147
105289
105372
105573
105595
105596
105748
105836
105841
105898
106118
106170
106206
106356
106661
106711
106784
106862
106942
107144
107229
107403
107786
107817
107886
108038
108053
108091
108109
108112
108264
108372
108381
108390
108647
108762
108823
108829
109048
109094
109141
109223
109778
109819
110008
110056
110217
110334
110432
110578
110748
110769
110786
110788
110806
110810
110938
111001
111109
111282
111634
111641
111750
111834
111952
111987
111989
112045
112153
112365
112366
112417
112457
112519
112569
112690
112790
112972
113070
113097
113311
113385
113472
113664
113874
114130
114312
114332
114705
114748
114774
114852
114957
115133
115150
115151
115210
115230
115247
115266
115267
115275
115337
115394
115475
115480
115622
115711
115720
115764
116050
116174
116181
116325
116337
116413
116451
116512
116556
116707
116839
117041
117198
117209
117263
117313
117321
117455
117538
117572
117611
117685
117731
117856
117975
118071
118103
118126
118164
118186
118449
118458
118473
118557
118692
118719
118876
118938
118945
119150
119227
119482
119534
119609
119697
119757
119917
119942
119987
120236
120295
120402
120464
120646
120688
121325
121644
121698
121724
121794
122084
122156
122173
122322
122408
122446
122491
122678
122717
122835
123129
123147
123158
123303
123497
123548
123568
123588
123594
123773
123807
124044
124076
124262
124268
124377
124636
124995
125102
125274
125276
125305
125387
125538
125592
125918
126120
126223
126280
126334
126361
126364
126471
126472
126549
126660
126683
126696
126715
126741
126888
126963
126996
127070
127397
127504
127550
127560
127797
127966
128189
128283
128329
128374
128393
128441
128539
128621
128808
128828
128847
129192
129270
129324
129470
129572
130194
130483
130560
131091
131227
131288
131823
132003
132046
132093
132096
132115
132158
132281
132350
132406
132776
132797
132805
132844
133057
133084
133122
133183
133242
133269
133348
133500
133653
133798
133810
134015
134024
134067
134138
134150
134232
134301
134603
134730
134822
134908
134999
135041
135126
135452
135484
135575
135579
135654
135716
135888
135955
136032
136135
136179
136199
136213
136392
136479
136539
136603
136671
136695
136756
136953
137059
137067
137204
137232
137421
137715
138204
138378
138697
138775
138795
139068
139096
139279
139282
139363
139389
139525
139537
139734
139744
139802
139880
140023
140091
140163
140505
140559
140631
140714
140852
141154
141269
141610
141650
142089
142277
142318
142372
142743
142807
142876
142905
142985
143036
143256
143425
143505
143627
143646
143810
143838
143879
144087
144126
144222
144450
144726
144933
145202
145245
145562
145631
145983
146413
146429
146523
146579
146789
146940
147010
147012
147091
147242
147336
147360
147385
147486
147558
147653
147847
147930
148035
148052
148071
148347
148420
148479
148522
148655
148984
149095
149101
149407
149688
150033
150091
150182
150304
150308
150481
150550
150563
150635
150737
150854
151061
151115
151226
151228
151280
151654
151666
151723
151907
151910
151912
151955
151995
152475
152508
152683
152799
152854
153013
153127
153160
153185
153306
153404
153447
153449
153788
153853
153913
154003
154077
154225
154264
154343
154372
154436
154468
154592
155195
155237
155528
155576
155816
156073
156155
156258
156722
156880
156921
157092
157142
157234
157336
157575
157723
157764
157782
157924
158245
158252
158713
158893
158970
159009
159087
159131
159174
159595
159605
159756
159767
159787
159826
159885
159954
160087
160101
160259
160419
160512
160530
160682
160713
161094
161258
161277
161404
161585
161821
161852
161978
162248
162454
162789
162993
163097
163702
163741
163793
163833
163963
163980
164034
164419
164602
164677
165073
165138
165231
165525
165537
165669
165850
165860
165904
166068
166092
166352
166501
166525
166535
166860
167009
167166
167435
167455
167516
167543
167546
167644
167671
167777
167982
168170
168347
168390
168500
168505
168582
168614
168688
168693
168823
169370
169377
169408
169486
169664
169962
170276
170412
170534
170570
170605
170680
170767
170800
171173
171226
171273
171390
171466
171535
171604
171714
171847
171899
172168
172348
172367
172380
172438
172700
172850
172854
173050
173117
173141
173163
173176
173459
173500
173586
173616
173674
173737
173756
173881
173938
174006
174655
174660
174661
174681
174693
174701
174709
174716
174755
174759
174780
174791
174812
174813
174871
174875
174932
174952
174983
175003
175024
175050
175051
175068
175071
175098
175102
175125
175127
175153
175170
175288
175303
175321
175351
175363
175369
175381
175386
175418
175428
175436
175463
175488
175508
175548
175549
175558
175559
175561
175612
175652
175669
175675
175681
175693
175718
175721
175724
175745
175763
175770
175779
175808
175810
175844
175852
175857
175868
175877
175912
175915
175956
176024
176078
176087
176089
176111
176129
176200
176211
176212
176263
176323
176335
176366
176400
176480
176536
176586
176595
176625
176634
176659
176704
176746
176816
176838
176853
176865
176877
176885
176893
176953
177003
177006
177028
177044
177130
177133
177154
177187
177225
177242
177245
177266
177297
177298
177319
177339
177371
177394
177397
177398
177419
177423
177424
177432
177435
177470
177508
177511
177520
177521
177525
177550
177578
177589
177591
177613
177615
177630
177664
177683
177693
177701
177720
177722
177723
177730
177734
177749
177771
177777
177880
177905
177925
177936
177941
177976
177984
177997
178003
178007
178057
178082
178086
178129
178135
178137
178150
178151
178221
178230
178270
178293
178319
178342
178430
178440
178450
178501
178574
178629
178697
178756
178762
178767
178776
178800
178810
178879
178895
178899
178921
178926
178945
178981
179019
179021
179042
179044
179056
179083
179087
179117
179125
179129
179175
179212
179274
179297
179328
179345
179357
179397
179418
179466
179483
179501
179514
179518
179520
179525
179548
179555
179563
179582
179597
179635
179671
179672
179753
179762
179764
179793
179817
179823
179883
179903
179941
179979
180004
180005
180021
180057
180068
180075
180090
180102
180107
180131
180169
180193
180202
180217
180230
180261
180286
180303
180316
180337
180347
180376
180485
180519
180523
180527
180536
180541
180549
180603
180604
180614
180627
180631
180644
180682
180756
180818
180828
180843
180846
180849
180850
180857
180874
180875
180892
180906
180980
181023
181031
181057
181066
181161
181187
181193
181198
181205
181279
181290
181344
181357
181386
181392
181395
181417
181448
181458
181464
181468
181482
181489
181517
181526
181531
181545
181552
181553
181582
181621
181624
181653
181663
181674
181675
181724
181759
181761
181773
181787
181789
181795
181799
181810
181824
181852
181854
181857
181861
181864
181905
181906
181909
181928
181975
181987
182007
182064
182068
182087
182097
182123
182135
182136
182177
182196
182202
182209
182211
182269
182276
182281
182292
182296
182315
182333
182388
182389
182438
182463
182473
182516
182559
182584
182605
182608
182623
182644
182660
182677
182739
182822
182860
182871
182873
182909
182915
182931
182939
182953
182970
183005
183012
183015
183053
183082
183094
183170
183183
183193
183205
183220
183227
183292
183306
183335
183391
183423
183460
183475
183476
183477
183491
183493
183495
183522
183568
183606
183609
183628
183631
183640
183667
183764
183834
183880
183884
183943
184004
184095
184103
184104
184135
184190
184192
184216
184226
184235
184238
184267
184270
184285
184324
184334
184343
184358
184436
184501
184529
184547
184551
184558
184576
184602
184672
184684
184697
184712
184724
184738
184757
184758
184767
184776
184782
184797
184836
184837
184845
184858
184861
184881
184920
184942
184953
184978
184981
184995
185033
185056
185066
185083
185091
185093
185094
185158
185162
185208
185212
185225
185264
185321
185359
185367
185372
185384
185414
185459
185484
185487
185489
185500
185523
185528
185531
185539
185566
185570
185571
185593
185600
185602
185618
185659
185662
185663
185673
185692
185696
185707
185710
185711
185731
185739
185750
185756
185758
185880
185890
185893
185904
185920
185928
185936
185945
185947
185952
185953
185958
185968
186031
186046
186053
186055
186090
186100
186152
186184
186202
186270
186286
186331
186341
186351
186354
186362
186381
186382
186387
186407
186421
186433
186439
186461
186516
186539
186550
186566
186603
186614
186631
186639
186651
186665
186705
186761
186795
186802
186847
186851
186900
186910
186919
186925
186941
186977
186979
186993
186997
187026
187028
187048
187052
187062
187078
187087
187094
187106
187114
187133
187137
187142
187145
187181
187205
187221
187332
187358
187405
187422
187434
187439
187469
187482
187515
187521
187532
187541
187582
187587
187608
187610
187612
187647
187672
187679
187692
187694
187728
187755
187767
187769
187797
187839
187849
187855
187861
187907
187910
187926
187957
187970
188001
188022
188050
188125
188134
188147
188157
188171
188183
188191
188193
188203
188204
188227
188228
188235
188237
188245
188252
188259
188294
188311
188316
188322
188347
188363
188386
188390
188411
188434
188544
188545
188553
188563
188586
188587
188612
188613
188647
188677
188729
188735
188740
188793
188805
188808
188853
188861
188869
188885
188905
188906
188932
188953
188967
188983
188989
189059
189065
189068
189126
189128
189129
189132
189134
189174
189183
189225
189267
189270
189292
189296
189301
189311
189315
189353
189370
189375
189411
189412
189424
189443
189484
189541
189546
189563
189606
189613
189615
189645
189667
189701
189706
189799
189824
189842
189859
189902
189939
189947
190059
190092
190094
190154
190164
190193
190210
190234
190269
190292
190329
190358
190369
190387
190392
190490
190495
190507
190511
190516
190606
190619
190641
190662
190663
190675
190695
190713
190721
190752
190783
190786
190791
190794
190802
190900
190918
190942
190962
190966
190971
190995
191001
191019
191039
191042
191044
191045
191051
191058
191096
191128
191145
191176
191251
191265
191309
191325
191371
191400
191402
191493
191579
191698
191741
191743
191747
191809
191822
191833
191845
191862
191869
191880
191912
191938
191967
191971
191995
192028
192033
192081
192091
192105
192133
192144
192219
192224
192233
192243
192255
192261
192312
192326
192387
192426
192491
192526
192527
192537
192548
192623
192631
192708
192731
192738
192745
192768
192771
192775
192790
192885
192886
192888
192892
192964
192979
193015
193019
193045
193063
193077
193141
193163
193198
193200
193212
193214
193215
193255
193420
193429
193470
193480
193515
193699
193720
193729
193798
193829
193834
193841
193842
193899
193954
193978
194001
194002
194050
194069
194075
194083
194105
194165
194209
194253
194256
194262
194286
194342
194362
194424
194440
194457
194458
194461
194513
194534
194546
194635
194648
194669
194697
194716
194719
194756
194780
194784
194812
194832
194897
194998
195077
195099
195147
195204
195208
195222
195285
195306
195312
195346
195349
195398
195438
195445
195449
195464
195481
195496
195506
195527
195537
195555
195569
195581
195611
195642
195737
195746
195769
195822
195864
195912
195921
195926
195949
195981
195989
195993
196021
196059
196109
196188
196262
196293
196335
196384
196398
196480
196549
196585
196655
196693
196733
196754
197001
197017
197073
197160
197298
197429
197527
197631
197647
197790
197834
197931
197982
198046
198117
198192
198215
198270
198475
198513
198751
198841
198942
199031
199055
199125
199297
199585
199684
199752
200128
200150
200190
200407
200436
200537
200615
200659
200660
200867
200890
200895
200989
201281
201304
201422
201445
201543
201584
201655
201689
201711
201717
201826
201923
201969
202050
202186
202198
202405
202594
202667
202686
202700
202745
202837
202853
202867
202887
203284
203466
203538
203882
203889
203943
203980
204369
204692
204789
204817
205214
205276
205353
205495
205528
205561
205577
205598
205689
205719
205736
205745
205932
205952
206085
206097
206150
206314
206386
206508
206568
206592
206689
206837
206850
206870
206956
207000
207069
207074
207110
207203
207334
207495
207563
207801
208077
208123
208242
208296
208615
208721
208730
208874
209004
209010
209137
209194
209198
209247
209248
209431
209539
209560
209608
209693
209728
209896
210140
210182
210186
210193
210213
210492
210515
210529
210544
210643
210644
210664
210723
210758
211002
211064
211068
211130
211204
211268
211451
211490
211856
211894
212073
212267
212295
212317
212427
212441
212453
212598
212603
212725
212757
212763
212766
212849
212937
212951
213035
213057
213075
213172
213185
213210
213342
213414
213466
213598
213888
213917
213944
214097
214123
214257
214316
214378
214412
214452
214459
214466
214518
214688
214743
214789
214845
214857
214892
215058
215158
215236
215501
215695
215996
216261
216272
216347
216354
216553
216782
216815
217115
217133
217215
217380
217465
217522
217525
217592
217640
217765
217913
217923
218072
218198
218261
218310
218338
218450
218666
218830
219110
219148
219150
219258
219612
219622
219649
219733
219740
219855
219929
219995
220040
220125
220132
220174
220177
220275
220418
220607
220664
220737
220745
220866
220944
221113
221325
221392
221431
221644
221745
222175
222193
222245
222275
222299
222364
222439
222551
222598
222644
223039
223053
223189
223382
223464
223853
223874
223974
223978
224028
224204
224232
224391
224502
224521
224635
224637
224682
224744
224793
224807
224870
225177
225199
225212
225358
225531
225629
225876
225921
225931
225941
226029
226183
226418
226434
226508
226522
226527
226639
226964
226998
227230
227267
227541
227597
227608
227619
227697
227738
227765
227786
227787
228583
228775
228805
228914
229179
229512
229588
229967
230260
230424
230577
230606
230696
230760
230846
230848
230868
231007
231074
231240
231282
231370
231522
231557
231567
231615
231678
231706
231748
231810
231873
231996
232023
232051
232248
232398
232668
232737
232813
232816
232821
232824
233235
233444
233517
233604
233746
233768
233787
233810
233813
233885
233907
233918
233925
233956
234140
234209
234267
234575
234600
234792
234993
235018
235149
235168
235190
235403
235475
235615
235670
235874
236068
236268
236269
236467
236630
236729
236954
237085
237315
237346
237355
237382
237616
237910
237927
238033
238105
238228
238277
238284
238321
238324
238441
238769
238982
239039
239167
239168
239341
239431
239494
239655
239793
239821
239848
240034
240318
240323
240447
240450
240469
240523
240614
240675
240786
240861
240969
241130
241157
241251
241480
241495
241509
241595
241632
241727
241929
241948
242135
242273
242377
242500
242555
242636
242791
243017
243055
243057
243121
243188
243337
243548
243556
243857
244561
244584
244713
244771
245137
245176
245395
245529
245568
245599
245699
245717
245745
245816
245857
246131
246501
246684
246835
246914
246933
247087
247090
247182
247508
247541
247623
247667
247763
247804
247818
248029
248570
248645
248661
248692
248723
249022
249285
249560
249739
249749
249758
250082
250206
250265
250271
250324
250447
250455
250480
250763
250868
250918
251052
251184
251376
251534
251710
251988
252026
252224
252376
252391
252418
252634
252863
252915
252980
253342
253564
253814
253888
253897
254141
254214
254333
254348
254392
254430
254467
254483
254676
254727
254933
254961
255066
255121
255131
255397
255562
255601
255605
255653
255726
255772
255855
256354
256419
256493
256644
256745
256800
256913
257000
257042
257108
257163
257590
257621
257721
258141
258227
258501
258664
258977
259018
259068
259083
259114
259326
259366
259561
259583
260088
260214
260332
260426
260699
261176
261219
261363
261368
261436
261487
261579
261640
261701
261771
262126
262342
262573
262599
262926
263135
263723
263775
264019
264092
264098
264193
264198
264406
265097
265171
265174
265290
265478
265790
265925
265980
266047
266218
266438
267211
267395
267435
267540
267542
267682
267966
267991
268245
268342
268402
268420
268484
268517
268539
268563
268582
268593
268668
268699
269000
269171
269242
269363
269412
269817
270015
270080
270150
270188
270193
270268
270302
270696
270723
270745
270904
270938
270945
271047
271105
271195
271274
271333
271642
271993
272112
272125
272183
272301
272334
272383
272673
272680
272731
272975
272984
273048
273392
273550
273585
273588
273693
273756
273772
273820
273826
273916
274006
274021
274395
274415
274594
275026
275046
275084
275170
275514
275721
275743
276041
276329
276554
276734
276843
277594
277803
278217
278557
278753
279129
279247
279280
279452
279528
279573
279585
279588
279648
279729
279824
279893
280066
280092
280239
280587
280598
280669
280779
280818
280831
280917
281270
281282
281290
281338
281371
282030
282050
282085
282175
282320
282517
282789
283053
283150
283184
283473
283725
283807
283828
284296
284356
284585
284649
284676
284901
285068
285170
285306
285343
285344
285683
286194
286557
286613
286803
286920
286952
286983
287235
287274
287275
287470
287471
287640
287808
287866
287945
288017
288125
288141
288388
288735
288770
288790
288810
288812
288998
289012
289144
289187
289337
289528
289567
289610
289652
289702
290139
290615
290629
290670
291097
291192
291237
291244
291263
291350
291852
291939
292291
292712
293199
293527
293543
293664
293711
293830
294008
294153
294334
294611
294773
294850
294882
295302
295327
295374
295745
295784
296023
296125
296386
296400
296502
296715
296825
296951
296999
297032
297163
297212
297214
297251
297296
297356
297530
297674
297929
297947
297979
297988
298215
298219
298448
298596
298614
298747
298806
298838
298842
299077
299330
299581
299698
299981
299997
300739
300767
301077
301217
301267
301474
301518
301563
302125
302276
302398
302532
302787
303196
303239
303259
303524
303712
304168
304470
304654
304930
304941
305411
305441
305700
306395
306781
307338
307482
307659
307693
307725
307888
308089
308095
308564
308570
308726
308891
309141
309301
309693
309719
309892
310340
310542
310625
311774
311910
312090
312418
313106
313359
313611
313972
314106
314111
314136
314179
314206
314241
314319
314378
314504
314524
314741
314789
314805
315087
315108
315226
315241
315337
315355
315425
315451
315533
315601
316189
316750
316804
317037
317115
317142
317242
317980
318681
318971
319423
319584
319762
321332
323879
323936
323994
324122
324164
324179
324217
324283
324351
324365
324412
324458
324661
324699
324746
324767
324936
325077
325120
325131
325351
325408
325530
325633
325692
325852
325892
325941
326058
326125
326152
326366
326466
326513
326731
326746
326769
326825
326838
326854
326861
326872
326889
326914
326980
326995
327030
327033
327086
327115
327368
327423
327497
327526
327532
327544
327623
327884
327933
327942
327982
328209
328268
328323
328446
328468
328475
328488
328492
328518
328615
328629
328721
328771
328946
328956
328994
329062
329215
329226
329343
329368
329415
329674
329760
329779
329809
329847
329960
329976
330073
330075
330192
330197
330221
330288
330297
330330
330364
330543
330568
330598
330652
330726
330760
330841
330855
330879
330886
330900
330903
331013
331063
331083
331098
331129
331136
331148
331293
331295
331558
331623
331640
331662
331723
331736
331752
331889
331955
332127
332140
332170
332181
332214
332296
332397
332470
332605
332624
332804
332933
332937
332960
333140
333167
333212
333239
333258
333268
333293
333393
333427
333594
333637
333676
333728
333776
333866
333891
334008
334027
334057
334099
334144
334162
334233
334421
334504
334519
334554
334651
334689
334771
334888
334919
334975
335019
335048
335188
335216
335295
335318
335352
335362
335387
335537
335549
335620
335648
335713
335723
335734
335853
335902
335914
335984
336000
336044
336187
336233
336239
336277
336306
336328
336341
336473
336516
336655
336701
336834
336946
336981
337018
337093
337255
337320
337436
337474
337501
337503
337546
337687
337709
337765
337776
337778
337834
337939
338014
338051
338116
338124
338151
338167
338180
338288
338308
338337
338338
338469
338599
338611
338651
338783
338986
339053
339114
339159
339169
339211
339317
339390
339429
339520
339620
339633
339662
339823
339954
339968
340061
340063
340154
340183
340281
340375
340451
340512
340580
340662
340720
340761
340915
340979
340995
341263
341326
341372
341381
341419
341478
341512
341559
341592
341617
341627
341683
341693
341750
341805
341909
341915
341980
342081
342099
342181
342247
342265
342335
342376
342504
342526
342699
342796
342823
342827
342859
342914
343092
343208
343280
343294
343337
343566
343613
343648
343713
343742
343775
343880
343916
344100
344107
344139
344142
344159
344162
344260
344364
344422
344479
344505
344510
344511
344548
344608
344649
344702
344730
344758
344858
344996
345005
345152
345311
345344
345522
345585
345604
345665
345737
345764
345773
345777
345789
345886
345995
346266
346267
346274
346285
346485
346498
346655
346812
346888
346940
346990
347094
347113
347126
347198
347233
347335
347340
347412
347849
347993
348076
348080
348149
348150
348155
348205
348254
348302
348356
348441
348469
348667
348676
348956
348960
349054
349097
349115
349120
349186
349215
349250
349349
349352
349437
349459
349519
349820
349995
350017
350018
350042
350050
350098
350159
350167
350174
350187
350275
350329
350494
350522
350547
350562
350620
350671
350719
350779
351076
351138
351139
351270
351314
351328
351428
351456
351533
351700
351725
351821
351905
351930
351958
352062
352136
352183
352244
352282
352335
352348
352354
352382
352436
352582
352603
352684
352803
352966
353055
353259
353291
353334
353348
353373
353378
353381
353398
353566
353771
353849
353969
354000
354013
354040
354052
354059
354104
354189
354322
354388
354498
354520
354531
354551
354555
354570
354683
354733
354781
354836
354861
354874
354926
354977
355049
355054
355078
355132
355157
355241
355343
355419
355489
355546
355552
355576
355649
355711
355778
355779
356022
356043
356149
356151
356315
356443
356578
356595
356649
356711
356776
356779
356796
356804
356818
356958
357081
357165
357506
357514
357517
357550
357567
357601
357645
357708
357789
358143
358275
358371
358397
358412
358531
358630
358637
358719
358766
358782
358821
358835
358866
358911
358950
359052
359069
359164
359335
359436
359468
359517
359532
359555
359566
359872
359886
360130
360134
360140
360197
360344
360364
360695
360706
360711
360714
360723
360783
360805
360867
361061
361067
361156
361322
361537
361653
361667
361674
361684
361844
361851
361876
361989
362049
362169
362203
362468
362604
362648
362716
362762
362789
362831
363000
363011
363057
363216
363361
363586
363591
363641
363820
363933
363955
364004
364065
364280
364283
364335
364422
364474
364554
364582
364615
364740
364749
364772
364878
364906
365026
365067
365083
365099
365207
365251
365253
365270
365286
365351
365361
365373
365383
365454
365564
365632
365635
365933
365982
366064
366081
366101
366215
366368
366532
366554
366579
366751
366868
366869
366916
366930
366969
366984
367145
367160
367267
367324
367487
367492
367669
367711
367725
367786
367851
367968
368029
368030
368077
368269
368276
368488
368513
368518
368581
368631
368659
368680
368719
368749
368863
368971
369011
369045
369104
369186
369448
369575
369601
369621
369685
370006
370009
370027
370137
370181
370186
370217
370450
370485
370545
370653
370673
370722
370779
370876
371005
371065
371153
371160
371162
371192
371260
371286
371464
371510
371538
371540
371552
371594
371614
371622
371651
371683
371767
371804
371986
372001
372061
372204
372315
372559
372575
372704
372715
372872
372928
372961
373024
373104
373130
373134
373169
373368
373448
373490
373641
373722
373876
373995
374236
374742
374894
374923
374943
375120
375558
375828
376250
376367
376495
376663
376751
377011
377270
378890
379345
379523
379540
379548
379616
379620
379639
379872
379904
380688
380732
380761
381207
381531
381544
381669
381727
381810
382796
382923
382947
382951
383111
383175
383942
384097
384236
384676
384769
384787
384872
384909
384931
384941
384942
384956
384967
384993
385027
385077
385098
385124
385141
385155
385161
385267
385274
385304
385318
385337
385354
385365
385376
385387
385389
385394
385452
385484
385538
385565
385585
385587
385590
385602
385619
385622
385636
385665
385672
385673
385680
385683
385704
385743
385759
385807
385832
385869
385889
385909
385945
385959
386001
386008
386011
386060
386070
386074
386075
386094
386113
386117
386140
386194
386223
386239
386273
386308
386382
386445
386481
386512
386548
386570
386595
386600
386645
386702
386769
386770
386776
386786
386820
386848
386857
386870
386882
386906
386974
386981
386993
387000
387018
387028
387064
387068
387176
387208
387290
387307
387336
387401
387417
387508
387530
387588
387592
387612
387681
387721
387748
387826
387933
387960
387975
387976
387980
388004
388068
388139
388178
388181
388194
388231
388378
388411
388419
388482
388489
388500
388533
388535
388649
388657
388672
388677
388697
388746
388770
388883
389088
389098
389099
389182
389219
389240
389266
389309
389352
389381
389393
389425
389514
389535
389565
389569
389638
389671
389680
389743
389838
389922
389960
390155
390400
390505
390816
390860
390978
391059
391428
391484
391931
392245
392841
392956
393864
395249
397826
399385
401573
401926
402534
405703
412334
412816
412988
412992
413085
413242
413265
413564
414503
415375
415816
416437
416675
416831
416875
417370
417634
418434
418526
418908
419081
419280
419748
420385
420679
420935
421220
421317
421538
421756
422030
422088
422141
422637
422891
423092
423740
423927
424505
425414
425549
425797
426439
428691
428706
429140
429507
429921
430197
430604
431220
431664
432259
432453
432489
432783
432939
433374
433793
433794
434260
434649
435200
435481
435532
435655
435870
436510
436681
436771
437009
437431
437819
438139
438447
438594
440443
440519
440567
440698
441106
441833
441911
442049
442072
442374
442920
444549
444838
445005
445158
445643
446859
447014
447054
448210
448310
448339
448362
448670
448701
448743
448893
449249
449325
449428
449477
449810
450214
451030
451986
452052
452480
452697
453357
453463
453974
454177
454246
454720
455695
456576
456838
457466
458849
459230
460160
460289
460371
460433
460636
460650
461575
462301
462609
464137
464825
465209
466620
466821
467038
467327
467755
468073
468721
469953
470462
472956
473463
473552
473642
473666
473842
474246
474430
474527
474890
475070
475282
475675
476318
476393
476734
476832
476886
476911
476924
477167
477187
477250
477417
477474
477494
477623
477645
477741
477954
478433
478462
478786
479010
479068
479285
479325
479405
479693
479721
479880
479887
479915
480171
480273
480656
480809
481215
481279
481286
481294
481425
481805
482022
482248
482328
482451
482474
482690
482805
482867
482937
483235
483370
484076
484407
484474
484535
484618
484865
484866
485063
485151
485389
485803
486245
486405
486520
486754
487049
487109
487380
487494
487608
487796
487999
489538
489904
490228
490828
491220
491282
491565
491722
493445
493495
493616
493798
493846
493998
494063
494298
494324
494548
494666
494674
494726
494735
494752
494914
494999
495227
495257
495295
495422
495474
495584
495728
495821
495891
496098
496105
496106
496162
496163
496169
496203
496373
496560
496574
496590
496606
496684
496725
496838
496905
497008
497382
497457
497483
497487
497635
497691
497959
497979
498075
498180
498217
498260
498270
498318
498486
498598
498607
499377
499433
499520
499633
499837
499949
500038
500177
500329
500501
501159
501659
503335
503479
503495
503608
504043
504232
504522
504782
504837
506292
506614
506863
507366
507653
507946
508017
508090
508379
508562
508714
509005
509063
509304
509678
510172
510625
510627
511066
511102
512225
514562
515355
515617
518276
518292
521111
521405
521824
522040
522211
522676
522716
523008
523430
523597
524016
524020
524082
524255
524414
524435
524852
524972
525012
525163
525250
525251
525387
525533
525781
525936
526441
526695
526970
527560
527591
527865
528067
528202
528571
529257
529287
529462
529575
530394
531501
531836
531920
531996
532332
532363
532426
533288
533515
533796
533885
534330
534390
534465
535379
535446
535598
535723
535746
535879
536426
536719
536851
536938
536993
537238
537692
537700
538124
538305
538478
538814
538829
538893
539157
539652
539829
539972
540475
540809
540854
541325
541358
541596
541612
541674
541793
542580
543011
544366
544587
545325
546376
546453
546966
547031
547076
547196
547201
547505
547803
548191
548662
548887
548892
548904
549790
550095
550302
550485
550506
550665
551373
553965
554099
554277
555267
555636
556073
556636
556839
556859
557219
558029
558045
558222
558724
559605
560274
560410
560446
560500
561542
561948
563181
563835
564538
565112
565146
566680
567975
568000
569559
569889
570860
571099
571258
571278
572294
572571
572692
572782
573504
574111
574258
575578
576337
576389
577258
577535
577798
578957
579275
579326
579604
579628
579643
579658
579704
579772
579798
579811
579866
579883
579893
579927
579936
579949
579957
579990
580066
580119
580213
580255
580300
580306
580327
580375
580403
580756
580960
3
5
13
68
88
112
124
195
206
239
241
244
272
275
306
323
325
329
335
350
407
410
415
420
438
502
523
541
543
560
573
584
643
657
662
667
725
769
783
810
824
857
879
893
902
949
991
995
1085
1128
1157
1170
1203
1207
1211
1249
1251
1272
1280
1307
1309
1369
1417
1529
1537
1541
1567
1591
1627
1647
1687
1692
1728
1745
1793
1831
1843
1896
1935
2052
2096
2105
2116
2119
2140
2151
2165
2175
2215
2228
2255
2292
2315
2336
2396
2400
2401
2403
2428
2461
2462
2476
2513
2514
2521
2554
2555
2588
2592
2605
2620
2622
2661
2662
2663
2684
2689
2691
2731
2758
2759
2791
2792
2796
2797
2917
2925
2929
2935
2940
2946
2989
3052
3054
3070
3083
3086
3134
3144
3146
3169
3202
3222
3225
3238
3259
3266
3268
3300
3344
3345
3372
3421
3452
3463
3472
3473
3475
3510
3566
3572
3578
3600
3607
3610
3613
3614
3615
3638
3736
3813
3820
3831
3846
3881
3903
3914
3954
3986
4015
4022
4029
4043
4057
4089
4105
4112
4140
4155
4202
4219
4221
4239
4270
4288
4302
4346
4359
4401
4440
4471
4520
4527
4542
4575
4584
4588
4589
4596
4630
4662
4715
4751
4806
4846
4879
4911
4971
4981
4983
4987
5037
5073
5119
5131
5152
5188
5234
5235
5291
5293
5296
5311
5313
5339
5340
5351
5368
5406
5479
5514
5565
5576
5600
5647
5653
5694
5710
5725
5768
5773
5778
5816
5836
5843
5858
5948
6009
6019
6025
6030
6059
6090
6097
6118
6122
6157
6171
6179
6181
6188
6191
6245
6246
6329
6390
6428
6430
6489
6492
6505
6507
6512
6518
6534
6549
6575
6587
6610
6628
6661
6664
6674
6716
6720
6729
6734
6744
6751
6758
6762
6774
6785
6797
6813
6816
6826
6828
6830
6839
6881
6889
6909
6920
6936
6940
6947
6966
6986
7010
7013
7031
7033
7035
7072
7077
7101
7104
7125
7171
7179
7197
7213
7238
7250
7262
7281
7285
7293
7342
7384
7385
7454
7477
7478
7489
7543
7596
7597
7601
7618
7663
7727
7734
7747
7749
7753
7754
7776
7780
7782
7814
7821
7830
7897
7921
7925
7964
7972
7976
7993
8052
8101
8112
8131
8167
8173
8189
8190
8193
8198
8213
8214
8215
8221
8258
8287
8297
8316
8347
8357
8371
8421
8461
8463
8473
8479
8520
8529
8570
8702
8713
8720
8736
8754
8755
8782
8785
8794
8802
8807
8814
8824
8833
8840
8845
8907
8929
8961
9008
9123
9150
9153
9172
9192
9246
9257
9265
9284
9285
9292
9298
9308
9313
9327
9410
9411
9415
9462
9476
9480
9486
9505
9527
9570
9579
9601
9608
9634
9646
9650
9682
9695
9739
9762
9768
9771
9799
9874
9878
9927
9949
9958
10029
10068
10094
10136
10180
10223
10229
10234
10237
10244
10254
10287
10290
10313
10347
10358
10380
10415
10424
10440
10496
10545
10557
10561
10569
10572
10596
10618
10619
10622
10631
10633
10642
10655
10662
10693
10707
10723
10743
10815
10829
10846
10850
10863
10872
10884
10885
10887
10899
10900
10957
10959
10971
10972
11022
11025
11055
11056
11073
11110
11126
11159
11160
11198
11255
11362
11411
11419
11426
11434
11469
11509
11516
11533
11534
11580
11590
11621
11654
11664
11698
11713
11843
11850
11866
11871
11901
11914
11921
11965
11979
11991
12001
12003
12005
12013
12014
12044
12067
12074
12083
12122
12152
12160
12176
12193
12207
12252
12254
12289
12315
12404
12431
12458
12459
12473
12497
12498
12543
12547
12558
12579
12585
12630
12637
12725
12741
12805
12819
12845
12877
12880
12883
12900
12903
12937
12938
12964
12969
12997
13009
13044
13065
13067
13072
13119
13143
13144
13149
13153
13160
13169
13191
13203
13233
13236
13251
13256
13317
13336
13368
13375
13391
13414
13426
13429
13433
13479
13484
13485
13487
13516
13525
13529
13537
13544
13593
13609
13612
13618
13620
13678
13710
13718
13734
13748
13749
13770
13786
13809
13857
13870
13910
13912
13954
14035
14057
14075
14090
14143
14154
14181
14201
14252
14287
14357
14472
14568
14574
14613
14648
14707
14716
14726
14731
14751
14774
14828
14921
14941
15050
15067
15097
15105
15137
15151
15228
15335
15365
15369
15472
15649
15703
15707
15716
15848
15849
15887
15940
15956
15961
15964
16050
16067
16120
16183
16203
16235
16255
16297
16312
16336
16373
16377
16412
16416
16417
16460
16593
16603
16710
16730
16757
16805
16825
16840
16898
16960
16995
17045
17091
17106
17126
17150
17287
17301
17312
17348
17361
17362
17388
17437
17462
17470
17507
17561
17631
17665
17687
17758
17792
17895
17907
17919
17987
18042
18071
18124
18144
18232
18280
18282
18291
18328
18433
18474
18505
18737
18775
18789
18801
18821
18913
18981
19077
19145
19258
19353
19498
19532
19580
19601
19636
19659
19733
19767
19822
19848
19863
19905
19946
19956
20040
20066
20096
20110
20149
20168
20191
20199
20219
20247
20252
20273
20278
20353
20457
20472
20490
20564
20644
20649
20663
20682
20702
20706
20715
20720
20765
20897
20907
20935
20942
20984
20989
21026
21198
21200
21225
21231
21245
21268
21298
21304
21356
21443
21466
21591
21675
21676
21814
21836
21849
21892
21927
21960
21962
21977
22012
22018
22074
22075
22108
22205
22248
22305
22338
22340
22428
22435
22442
22478
22585
22663
22735
22777
22804
22824
22887
22937
22943
22944
22957
23005
23029
23033
23063
23109
23124
23159
23216
23287
23293
23375
23464
23542
23635
23653
23718
23726
23729
23732
23779
23806
23812
23906
23929
23975
24037
24100
24206
24217
24234
24264
24277
24330
24340
24355
24388
24415
24422
24463
24564
24566
24632
24642
24815
24928
24965
25009
25012
25042
25043
25051
25157
25166
25170
25194
25195
25227
25247
25307
25310
25335
25422
25426
25477
25539
25567
25712
25724
25758
25764
25804
25811
25880
25907
26072
26136
26265
26281
26313
26416
26479
26535
26578
26628
26638
26680
26707
26776
26796
26858
26879
26939
26994
27024
27065
27068
27165
27184
27248
27257
27333
27335
27338
27341
27368
27392
27546
27634
27638
27641
27645
27696
27864
27871
27899
27918
28022
28035
28089
28136
28152
28204
28215
28260
28266
28268
28305
28328
28347
28387
28392
28403
28404
28430
28469
28487
28493
28559
28583
28675
28731
28740
28746
28747
28769
28797
28861
28942
29016
29068
29123
29153
29235
29258
29298
29300
29301
29316
29397
29399
29442
29517
29574
29609
29661
29666
29746
29758
29813
29814
29833
29908
29924
30004
30025
30037
30061
30078
30128
30138
30146
30239
30407
30568
30696
30792
30958
31079
31086
31124
31163
31189
31201
31257
31281
31283
31294
31296
31311
31330
31340
31346
31367
31423
31448
31462
31479
31492
31516
31657
31720
31737
31823
31830
31860
31916
31959
32019
32039
32071
32094
32099
32112
32131
32134
32164
32184
32283
32404
32405
32452
32551
32596
32597
32600
32616
32625
32674
32692
32821
32940
32987
33024
33075
33108
33119
33122
33166
33238
33287
33300
33334
33404
33452
33523
33560
33595
33610
33684
33689
33691
33749
33874
33904
33937
34001
34010
34105
34129
34176
34192
34314
34356
34401
34454
34473
34511
34564
34683
34750
34776
34789
34815
35083
35093
35102
35158
35176
35224
35240
35243
35244
35245
35268
35310
35348
35439
35489
35520
35540
35689
35746
35779
35791
35808
35864
35866
35878
35909
36017
36047
36071
36184
36269
36310
36358
36360
36400
36423
36443
36490
36501
36509
36510
36555
36645
36651
36671
36676
36720
36744
36751
36754
36766
36784
36920
36930
36952
37184
37271
37282
37301
37353
37430
37472
37493
37507
37626
37753
37809
37862
37868
37878
37915
37939
38069
38085
38095
38125
38202
38212
38429
38486
38531
38608
38658
38679
38716
38794
38803
38838
38934
38935
38954
38971
39055
39070
39197
39296
39320
39330
39391
39413
39414
39531
39582
39595
39653
39719
39726
39771
39880
39884
39897
39904
39939
40049
40054
40166
40170
40240
40261
40263
40280
40282
40343
40349
40377
40454
40510
40536
40576
40705
40709
40764
40862
40953
41018
41040
41082
41104
41140
41190
41228
41229
41231
41340
41415
41489
41743
41745
41772
41869
41871
41972
42180
42204
42295
42303
42311
42382
42394
42485
42581
42666
42736
42745
42791
43023
43047
43092
43121
43179
43187
43265
43307
43356
43357
43428
43465
43549
43576
43586
43637
43687
43697
43732
43754
43842
43851
43894
43920
43926
44043
44098
44104
44284
44356
44363
44428
44467
44492
44519
44551
44617
44637
44743
44795
44869
44911
44940
44942
45010
45077
45106
45136
45251
45267
45290
45302
45428
45456
45461
45513
45534
45660
45678
45740
45754
45848
45864
45908
45911
45974
46008
46014
46045
46059
46122
46158
46184
46216
46238
46303
46357
46377
46444
46473
46512
46607
46692
46741
46754
46758
46803
46823
46837
46891
46900
46962
46982
47025
47076
47099
47156
47209
47226
47282
47314
47345
47437
47458
47465
47469
47503
47535
47686
47726
47741
47778
47913
47955
47966
47977
48172
48198
48374
48384
48504
48556
48585
48626
48671
48754
48763
48772
48786
48819
48852
48865
48867
48880
48925
48927
48948
49012
49099
49188
49277
49296
49330
49336
49411
49414
49500
49527
49533
49552
49570
49629
49726
49735
49857
49880
49890
49900
50002
50014
50066
50082
50111
50180
50212
50237
50260
50277
50308
50409
50410
50448
50482
50536
50563
50600
50704
50723
50833
50972
50981
51035
51049
51089
51133
51155
51225
51226
51274
51331
51350
51390
51437
51454
51485
51518
51556
51586
51589
51599
51645
51668
51688
51729
51732
51786
51828
51852
51862
51937
51940
52005
52015
52033
52052
52067
52135
52164
52240
52303
52374
52375
52376
52390
52406
52418
52533
52607
52645
52660
52718
52798
52867
52880
52908
52965
52978
53023
53088
53111
53115
53167
53203
53242
53252
53387
53459
53474
53529
53563
53573
53575
53576
53599
53602
53660
53670
53673
53686
53700
53751
53796
53815
53843
53998
54027
54161
54186
54243
54259
54280
54353
54379
54416
54430
54470
54479
54529
54560
54572
54648
54777
54995
54996
55012
55025
55031
55058
55146
55155
55165
55167
55209
55231
55270
55283
55295
55324
55342
55392
55451
55468
55656
55767
55804
55816
55939
55948
55970
55989
55991
56069
56086
56121
56137
56191
56221
56364
56408
56416
56420
56508
56561
56580
56588
56632
56647
56667
56676
56711
56731
56752
56808
56832
56836
56841
56855
56947
57020
57100
57173
57211
57213
57216
57231
57272
57285
57336
57464
57533
57619
57637
57719
57792
57826
57839
57842
57847
57890
57985
58047
58059
58123
58132
58160
58232
58283
58326
58382
58643
58698
58708
58743
58763
58764
58851
58869
58889
58896
58901
58905
58927
58937
58939
58955
58983
59049
59065
59108
59224
59225
59230
59315
59326
59345
59515
59577
59670
59717
59773
59807
59840
59868
59878
59880
59936
59959
59993
60016
60164
60167
60209
60234
60291
60327
60349
60391
60442
60465
60686
60757
60889
60922
61042
61058
61084
61105
61133
61138
61209
61225
61275
61316
61320
61350
61352
61366
61408
61436
61461
61585
61744
61791
61862
61920
61958
62006
62036
62097
62131
62161
62165
62251
62327
62372
62519
62551
62558
62594
62684
62757
62758
62777
62800
62930
63113
63148
63225
63269
63283
63388
63482
63503
63532
63546
63695
63730
63800
63847
63962
63976
64009
64033
64084
64122
64148
64153
64154
64216
64225
64308
64349
64388
64406
64418
64426
64523
64525
64563
64691
64700
64712
64715
64808
64863
64875
64885
64921
64924
64933
64952
64957
64986
64991
65106
65227
65260
65328
65388
65446
65461
65469
65519
65548
65610
65672
65765
65806
65835
65909
65914
65931
65944
65950
65969
65970
66016
66301
66317
66353
66379
66400
66402
66407
66470
66592
66625
66669
66689
66736
66779
66784
66924
67079
67279
67349
67400
67525
67577
67581
67740
67756
67866
67935
68015
68032
68041
68071
68072
68085
68233
68244
68275
68325
68369
68450
68461
68545
68564
68646
68668
68680
68695
68816
68887
68961
69002
69040
69047
69059
69137
69147
69206
69267
69280
69306
69340
69352
69358
69366
69680
69686
69771
69779
69815
69842
69845
69855
70031
70059
70068
70106
70217
70287
70321
70375
70381
70390
70448
70478
70522
70555
70556
70612
70651
70745
70796
70798
70896
70925
70996
71035
71055
71085
71118
71123
71197
71240
71282
71454
71573
71596
71698
71935
71948
71954
72002
72127
72157
72205
72234
72311
72334
72357
72384
72443
72468
72484
72485
72571
72572
72652
72666
72681
72783
72789
72804
72940
72949
72954
73014
73041
73048
73056
73085
73105
73178
73211
73297
73336
73397
73445
73524
73534
73560
73564
73588
73678
73729
73788
73823
73825
73848
73950
73986
74043
74092
74131
74248
74279
74383
74393
74400
74416
74444
74472
74528
74611
74623
74703
74763
74866
74902
74940
74944
75017
75220
75235
75285
75344
75396
75413
75427
75429
75626
75670
75718
75947
75982
76008
76033
76042
76123
76139
76154
76170
76231
76235
76239
76256
76285
76294
76330
76444
76660
76679
76829
76830
76897
76993
77277
77302
77334
77336
77388
77472
77552
77622
77663
77783
77831
77852
77906
77913
77924
78028
78111
78125
78202
78221
78228
78299
78401
78421
78450
78506
78545
78595
78596
78680
78686
78729
78744
78874
78997
79007
79105
79115
79118
79333
79354
79381
79438
79576
79618
79627
79645
79675
79683
79747
79835
79999
80009
80013
80169
80178
80272
80546
80655
80739
80795
80867
81000
81027
81084
81156
81160
81220
81330
81357
81358
81536
81581
81624
81640
81694
81730
81971
82039
82116
82163
82187
82211
82291
82367
82406
82413
82418
82644
82676
82689
82695
82827
82906
82943
82953
82984
83012
83194
83281
83323
83341
83347
83403
83475
83541
83565
83608
83662
83802
83908
83909
84107
84275
84442
84479
84556
84620
84675
84727
84773
84902
84941
85021
85157
85217
85231
85239
85240
85346
85426
85430
85472
85489
85496
85531
85555
85586
85598
85652
85694
85755
85834
85869
85878
85885
85895
85904
85963
85990
86097
86250
86277
86368
86640
86666
86757
86793
86830
86956
87046
87121
87135
87216
87282
87296
87439
87465
87521
87683
87708
87784
87978
88052
88054
88070
88107
88195
88200
88237
88251
88273
88299
88313
88364
88434
88475
88561
88570
88648
88656
88657
88678
88680
88714
88882
89000
89028
89052
89071
89073
89098
89207
89226
89250
89261
89299
89357
89424
89467
89503
89523
89526
89532
89602
89751
89759
89768
89773
89905
90030
90094
90175
90359
90439
90469
90589
90647
90672
90723
90777
90786
90812
90815
90858
91041
91108
91110
91204
91208
91258
91602
91638
91639
91649
91653
91685
91697
91714
91743
91747
91786
91852
91873
92010
92103
92324
92389
92392
92452
92473
92537
92571
92587
92818
92922
93022
93081
93167
93194
93207
93328
93346
93374
93410
93467
93480
93488
93527
93534
93552
93664
93753
93761
93820
93860
94007
94046
94066
94109
94110
94115
94127
94140
94197
94217
94360
94393
94402
94582
94623
94646
94714
94716
94776
94820
94850
94919
94932
95011
95029
95078
95235
95329
95533
95558
95563
95570
95586
95610
95666
95804
95814
95842
95869
95883
95903
95915
95921
96071
96090
96098
96159
96290
96315
96456
96502
96503
96529
96614
96640
96655
96776
96917
97073
97157
97158
97576
97580
97603
97620
97708
97724
97768
97776
97947
97955
97962
98039
98071
98161
98188
98276
98315
98338
98343
98440
98448
98449
98451
98509
98524
98636
98734
98742
98842
98947
99065
99075
99076
99088
99107
99169
99236
99248
99368
99486
99547
99686
99866
99988
100129
100189
100194
100201
100209
100220
100240
100439
100474
100550
100607
100691
100731
100739
100751
100756
100761
100893
100994
101092
101148
101178
101211
101250
101292
101402
101458
101490
101540
101556
101583
101594
101713
101765
101768
101896
101908
102009
102024
102051
102088
102128
102140
102194
102210
102295
102346
102421
102459
102482
102512
102535
102559
102662
102743
102790
102837
102942
102962
103081
103104
103233
103288
103321
103368
103371
103408
103518
103532
103601
103602
103660
103674
103777
103879
103927
103979
104021
104084
104114
104225
104228
104255
104289
104291
104345
104442
104446
104573
104712
104856
104878
104923
104948
104963
104969
104997
105015
105133
105179
105268
105276
105316
105462
105583
105663
105682
105742
105763
105768
105859
105881
106028
106178
106416
106467
106481
106534
106618
106652
106714
106766
106859
107151
107156
107161
107188
107231
107299
107357
107371
107473
107484
107516
107517
107536
107553
107617
107635
107695
107704
107719
107771
107797
107806
107873
108045
108066
108132
108246
108317
108358
108391
108405
108417
108536
108615
108701
108755
108772
108845
108903
108907
108974
108982
109019
109042
109088
109165
109183
109218
109340
109436
109464
109740
109856
109866
109873
109921
109935
109961
109974
109979
109985
110058
110074
110375
110381
110600
110728
110750
110755
110805
110815
110868
110903
110950
111067
111128
111176
111227
111250
111269
111289
111339
111391
111393
111408
111444
111462
111562
111587
111611
111620
111747
111788
111883
111909
111925
111929
112000
112014
112016
112221
112333
112393
112399
112514
112571
112583
112624
112626
112655
112663
112704
112707
112717
112722
112914
112966
113021
113031
113192
113209
113223
113257
113288
113330
113481
113514
113780
113816
113826
113894
114028
114144
114178
114246
114376
114395
114429
114559
114570
114574
114606
114621
114695
114713
114814
115128
115154
115184
115249
115279
115328
115415
115422
115444
115468
115485
115489
115495
115535
115634
115658
115678
116018
116034
116234
116327
116355
116432
116465
116543
116587
116656
116750
116793
116812
116856
116892
116909
116972
117071
117139
117211
117235
117242
117323
117435
117550
117568
117609
117617
117750
117806
117824
117877
118097
118105
118178
118264
118323
118354
118457
118510
118514
118552
118716
118811
118861
118906
119178
119582
119764
119781
119883
119907
119914
119980
120020
120025
120090
120128
120197
120215
120221
120233
120426
120428
120460
120465
120469
120582
120637
120891
120946
120954
121007
121086
121121
121149
121268
121304
121343
121361
121398
121607
121633
121774
121864
121937
122014
122028
122114
122237
122256
122275
122301
122367
122445
122459
122517
122527
122620
122668
122695
122726
122870
122874
122912
122973
123010
123013
123060
123137
123163
123164
123252
123323
123345
123486
123487
123534
123612
123615
123618
123680
123691
123752
123788
123819
123905
124048
124395
124492
124515
124549
124654
124750
124798
124814
124858
125014
125059
125087
125095
125413
125435
125479
125606
125683
125726
125816
125934
125953
126007
126062
126220
126320
126351
126456
126580
126712
126736
126754
126777
126834
126905
126913
127047
127078
127128
127307
127326
127346
127368
127411
127536
127634
127852
127923
127952
127958
127959
128084
128293
128306
128355
128521
128697
128714
128751
128805
128860
128915
128930
128992
129160
129197
129235
129318
129548
129604
129681
129824
129878
129922
129972
130001
130029
130095
130107
130300
130310
130411
130413
130535
130643
130650
130860
130929
131055
131101
131124
131135
131205
131420
131427
131447
131494
131514
131577
131580
131591
131599
131606
131689
131715
131724
131729
131753
131847
131849
132206
132212
132469
132728
132939
132987
132996
133026
133045
133158
133188
133375
133406
133427
133438
133566
133598
133600
133604
133679
133816
134224
134258
134395
134415
134519
134568
134573
134673
134724
134789
134845
134971
135231
135398
135412
135438
135470
135556
135573
135581
135702
135717
135812
135923
136033
136107
136248
136294
136302
136341
136433
136466
136494
136562
136618
136664
136667
136723
136724
136836
136906
136967
137017
137239
137251
137266
137350
137422
137423
137590
137632
137732
138023
138025
138165
138294
138513
138605
138687
138695
138817
138870
138897
138997
139079
139193
139414
139793
139865
139866
139942
139957
140019
140037
140114
140171
140216
140379
140442
140507
140533
140588
140684
140806
140838
140927
140940
140959
141011
141053
141158
141164
141192
141274
141305
141327
141654
141655
141714
141735
141863
141951
142083
142085
142179
142192
142251
142363
142396
142519
142573
142576
142650
142760
142954
142965
143009
143088
143092
143271
143500
143549
143558
143633
143749
143910
143919
143990
143997
144086
144268
144426
144491
144511
144771
144844
144845
145077
145458
145481
145543
145578
145600
145658
145831
145845
145854
145903
146044
146090
146111
146134
146218
146257
146382
146675
146730
146733
147076
147299
147305
147389
147408
147587
147629
147651
147722
147844
147914
147937
148074
148089
148159
148486
148534
148598
148672
148845
148950
149179
149259
149359
149411
149412
149561
149596
149608
149830
149836
149840
150004
150038
150106
150124
150143
150242
150285
150387
150443
150528
150567
150725
150732
150749
150812
150863
150892
150938
150999
151100
151213
151298
151368
151407
151495
151559
151563
151762
151845
151895
151937
151990
152011
152027
152051
152077
152258
152293
152453
152545
152640
152663
152741
152756
152764
152789
152798
152938
153202
153264
153308
153383
153395
153621
153747
153829
153947
153956
154082
154292
154308
154347
154370
154397
154495
154503
154715
154750
154831
154878
154896
154984
155059
155249
155312
155737
155890
155899
155991
156028
156114
156143
156222
156244
156322
156325
156331
156400
156468
156500
156532
156567
156624
156812
157058
157089
157227
157231
157363
157383
157629
157828
158175
158320
158369
158539
158558
158793
158895
158929
159020
159028
159201
159432
159509
159589
159797
159937
160012
160283
160300
160378
160408
160427
160511
160910
161004
161054
161104
161122
161148
161204
161267
161318
161334
161501
161541
161854
162330
162468
162618
162744
162816
162895
162904
162965
162998
163012
163048
163273
163279
163284
163321
163471
163602
163691
163907
163919
164039
164090
164221
164251
164305
164342
164384
164542
164775
164821
164949
165001
165163
165286
165447
165567
165595
165657
165698
165730
165777
165885
166020
166061
166171
166273
166313
166328
166333
166509
166640
167017
167067
167178
167234
167238
167247
167400
167470
167603
167857
167952
168051
168192
168319
168379
168432
168434
168474
168478
168493
168604
168635
168726
168737
168877
169149
169178
169249
169291
169503
169583
169599
169807
169892
169920
170149
170164
170210
170224
170565
170621
170742
170754
171254
171532
171566
171936
171996
172020
172060
172091
172178
172374
172413
172418
172447
172462
172493
172978
173107
173109
173161
173187
173220
173254
173343
173457
173479
173593
173665
173915
174162
174198
174291
174381
174382
174437
174649
174663
174673
174686
174700
174715
174721
174767
174776
174781
174789
174840
174847
174851
174865
174870
174889
174899
174901
174905
174916
174917
174919
174929
174934
174975
175004
175012
175025
175058
175070
175110
175111
175129
175158
175165
175171
175209
175241
175244
175252
175265
175274
175277
175291
175295
175297
175376
175394
175464
175485
175504
175514
175534
175587
175601
175632
175643
175710
175717
175722
175734
175737
175759
175778
175809
175811
175814
175832
175842
175885
175914
175919
175932
175939
175941
175966
175998
176020
176036
176044
176046
176047
176071
176073
176080
176146
176156
176176
176242
176243
176257
176281
176369
176375
176396
176406
176409
176428
176429
176446
176504
176528
176557
176569
176619
176648
176679
176680
176689
176697
176699
176713
176775
176808
176814
176822
176823
176828
176839
176842
176844
176889
176897
176925
176934
176956
176965
176984
176991
177000
177029
177055
177066
177069
177078
177088
177094
177099
177149
177151
177208
177213
177214
177215
177222
177235
177326
177353
177367
177368
177426
177441
177477
177509
177598
177644
177719
177766
177776
177786
177793
177807
177818
177847
177866
177895
177897
177954
178000
178015
178025
178026
178027
178030
178031
178070
178074
178083
178084
178110
178112
178173
178194
178281
178282
178337
178381
178429
178453
178454
178480
178481
178486
178559
178568
178595
178602
178605
178617
178636
178641
178670
178681
178684
178731
178734
178735
178748
178805
178812
178858
178865
178870
178886
178898
178924
178944
178951
178985
178995
179001
179017
179023
179049
179052
179053
179073
179089
179107
179111
179115
179131
179172
179194
179206
179303
179324
179330
179335
179364
179366
179373
179416
179432
179438
179538
179541
179571
179621
179653
179743
179745
179808
179907
179917
179923
180001
180033
180046
180047
180064
180067
180069
180117
180140
180144
180156
180182
180188
180228
180242
180278
180301
180318
180327
180331
180355
180412
180443
180470
180484
180487
180545
180547
180564
180595
180649
180668
180677
180686
180688
180692
180703
180724
180733
180742
180744
180779
180784
180790
180895
180903
180921
180924
180926
180934
180953
181089
181091
181094
181125
181190
181227
181254
181302
181307
181311
181341
181399
181413
181422
181427
181436
181486
181497
181514
181565
181627
181683
181716
181732
181738
181785
181817
181818
181820
181888
181897
181919
181920
181966
181985
181999
182000
182001
182010
182014
182046
182074
182079
182080
182095
182103
182105
182107
182184
182197
182226
182240
182251
182271
182323
182326
182332
182378
182390
182400
182414
182419
182428
182436
182462
182464
182469
182488
182634
182710
182722
182726
182759
182766
182785
182872
182942
182959
182960
182968
182988
183026
183033
183041
183118
183124
183125
183148
183154
183156
183157
183186
183187
183192
183215
183225
183265
183303
183332
183346
183350
183471
183473
183582
183590
183600
183624
183649
183651
183654
183682
183701
183706
183714
183717
183726
183735
183736
183742
183794
183808
183812
183858
183888
183892
183902
183945
183952
183960
183962
183983
183992
183999
184005
184027
184061
184062
184076
184085
184128
184133
184152
184156
184164
184182
184184
184187
184193
184201
184205
184210
184215
184219
184245
184254
184277
184286
184300
184331
184352
184368
184377
184378
184380
184403
184414
184419
184437
184441
184468
184469
184491
184566
184579
184605
184609
184613
184618
184620
184642
184647
184654
184708
184745
184777
184788
184791
184792
184808
184814
184816
184886
184897
184900
185027
185034
185038
185081
185100
185121
185130
185179
185183
185209
185258
185293
185303
185314
185353
185356
185362
185364
185378
185408
185429
185494
185540
185578
185581
185588
185617
185623
185636
185640
185648
185654
185658
185697
185704
185743
185746
185751
185754
185787
185803
185826
185876
185883
185946
185979
185991
186002
186023
186037
186075
186107
186108
186117
186174
186200
186201
186249
186280
186289
186471
186473
186479
186545
186578
186584
186593
186594
186599
186609
186640
186656
186670
186724
186744
186769
186812
186814
186816
186825
186866
186872
186874
186898
186914
186942
186958
187027
187044
187065
187090
187098
187168
187232
187243
187321
187331
187384
187388
187389
187399
187401
187497
187519
187552
187562
187568
187613
187616
187620
187641
187688
187738
187750
187774
187795
187801
187806
187816
187817
187823
187831
187835
187836
187859
187863
187904
187914
187928
187999
188014
188053
188072
188179
188186
188206
188231
188238
188293
188333
188473
188485
188516
188540
188543
188592
188602
188694
188736
188745
188748
188751
188758
188765
188779
188971
188972
189009
189038
189104
189105
189112
189117
189148
189186
189276
189280
189302
189346
189367
189384
189405
189509
189510
189540
189542
189543
189568
189592
189618
189619
189628
189637
189760
189829
189834
189840
189881
189884
189885
189886
189904
189932
189964
190043
190083
190088
190118
190120
190148
190168
190177
190201
190205
190212
190242
190261
190305
190306
190307
190346
190363
190374
190382
190420
190447
190461
190464
190479
190568
190589
190633
190661
190666
190701
190702
190769
190785
190810
190872
190896
190963
190989
190994
191020
191049
191077
191080
191109
191147
191153
191156
191168
191170
191178
191194
191197
191201
191231
191236
191238
191269
191286
191311
191313
191315
191345
191361
191374
191379
191385
191387
191397
191399
191415
191422
191423
191432
191433
191434
191445
191448
191449
191455
191460
191465
191479
191481
191483
191491
191494
191511
191523
191531
191540
191543
191568
191573
191586
191587
191603
191604
191606
191609
191615
191621
191622
191626
191633
191646
191652
191658
191659
191668
191674
191675
191686
191694
191700
191701
191702
191710
191711
191712
191718
191723
191724
191726
191749
191752
191756
191778
191781
191783
191796
191814
191836
191849
191850
191860
191864
191873
191894
191898
191900
191907
191910
191913
191914
191918
191921
191922
191923
191933
191943
191945
191949
191952
191955
191956
191960
191979
191981
191988
191990
191991
191999
192010
192021
192040
192046
192060
192061
192064
192066
192067
192070
192071
192076
192100
192106
192107
192113
192116
192130
192134
192137
192145
192147
192148
192157
192175
192176
192181
192185
192195
192196
192200
192201
192203
192204
192207
192212
192220
192225
192226
192231
192237
192238
192250
192252
192265
192268
192271
192277
192285
192291
192294
192296
192303
192315
192318
192329
192331
192335
192344
192350
192354
192356
192374
192398
192402
192409
192430
192432
192433
192449
192460
192480
192481
192490
192494
192513
192518
192529
192532
192540
192546
192554
192558
192570
192571
192574
192575
192578
192586
192591
192594
192600
192605
192609
192612
192618
192632
192643
192646
192651
192659
192661
192671
192688
192695
192713
192714
192744
192760
192761
192765
192776
192779
192783
192784
192785
192789
192791
192796
192812
192825
192840
192841
192854
192858
192882
192890
192906
192908
192919
192921
192924
192926
192930
192931
192932
192952
192956
192957
192967
192971
192977
192985
192996
193003
193011
193020
193024
193027
193034
193055
193058
193061
193078
193079
193083
193089
193102
193103
193109
193114
193116
193121
193132
193133
193148
193162
193170
193178
193180
193182
193183
193184
193219
193235
193238
193244
193246
193248
193249
193276
193277
193283
193285
193290
193291
193299
193302
193331
193336
193345
193350
193353
193354
193356
193362
193370
193371
193375
193377
193379
193381
193382
193387
193388
193398
193402
193405
193427
193438
193443
193453
193458
193465
193479
193487
193488
193489
193490
193510
193517
193522
193527
193535
193538
193570
193581
193603
193610
193615
193618
193627
193638
193649
193650
193657
193660
193664
193665
193676
193680
193684
193701
193707
193708
193718
193732
193737
193745
193751
193759
193769
193779
193786
193803
193819
193825
193835
193851
193852
193854
193863
193864
193868
193872
193882
193891
193901
193904
193912
193922
193924
193927
193940
193950
193951
193955
193962
193965
193969
193980
193989
193991
194010
194022
194023
194031
194038
194039
