347026
347566
347818
347963
347972
348034
348527
348780
349153
349787
350505
350831
351828
352622
354176
358627
360279
361032
361749
363037
363627
365227
365275
368885
369702
371390
371450
372600
382049
384774
385183
385243
385280
385635
386106
389974
459982
497490
545011
549647
1513
1672
1892
1941
2041
2244
3386
4659
4701
4886
5831
6901
7152
7358
7541
7567
8508
8537
8626
8937
9015
9223
9804
12698
13598
13692
13706
14721
15577
15719
17378
17605
17973
18355
18736
19210
19396
19686
20103
21816
23231
24169
24260
24376
24992
26232
26463
26705
26905
27427
27630
27737
28384
28904
29466
31438
31807
31917
32182
33248
33651
34224
34336
35000
35050
36638
37298
37614
40059
43907
44249
44775
44786
45089
45548
46193
46421
49319
49363
50646
51984
56502
57018
57392
57668
59137
63262
65893
66275
72832
73612
74066
74182
77899
82666
86389
90386
91600
92246
92630
92643
92781
95393
99990
100942
105112
106573
123995
133224
133952
133981
134025
134264
136337
138852
139770
141560
144826
146307
155247
155755
176411
183257
183395
184867
187400
190893
191093
191838
192048
192675
192811
193916
197104
197936
198514
202395
227599
230507
231174
234031
243616
249027
254484
310153
314588
315165
319152
324153
324487
331637
333049
333574
338655
339526
340944
341895
343484
345709
346514
346626
351037
351990
363897
363925
364152
372449
384844
384868
384891
386427
474359
478340
486773
498191
576571
74
362
373
507
527
870
1000
1022
1053
1244
1259
1524
1681
2404
2897
2976
3093
3666
3865
3894
4639
5969
5998
6033
6586
6644
7624
7802
8299
8647
9828
11311
11445
12313
12395
12924
13217
14063
14222
15045
15880
16130
16265
16299
16638
17602
17946
18321
18624
18788
19021
20012
20095
20414
21417
22459
22704
22770
24191
25368
26120
26394
26572
29022
29188
30234
31597
31965
32088
33981
35413
35792
36007
36866
37332
37580
37825
38226
41005
41037
41208
41802
41879
42618
43891
44221
45613
46042
47585
48423
48914
50941
53649
55311
58319
60045
61805
61943
62742
63525
64498
67732
68762
73046
73801
78126
79984
80132
80543
84228
84526
85148
86689
86923
88001
90022
93909
95027
97031
110055
111796
114738
115165
117597
118699
121058
123406
127766
130825
139660
141299
142618
143156
146238
150122
153960
154201
161356
171704
177183
177270
178167
180848
180914
182490
185734
186345
186707
186731
187940
193318
194661
197007
197648
198316
198637
202519
202589
203833
204601
219055
253783
291004
314351
315436
316215
323650
324482
325491
325799
326527
326892
327693
333016
334207
334691
334696
334800
335780
336184
339260
340021
340507
342962
344459
346213
347522
349300
349696
349937
350441
353034
354111
355330
356053
363284
367544
375264
380576
384966
429275
432140
525900
566311
567035
576360
173
270
582
626
630
805
925
1043
1117
1716
1762
1934
2488
2573
2908
3260
3410
3424
3645
4179
4244
4431
4827
6004
6447
6865
7221
7592
8332
8380
8593
8912
9149
9694
11568
11859
12340
12500
13113
13403
13758
14101
14796
15115
15179
15634
15700
16365
16715
17115
17408
17447
18854
19554
19567
20877
21134
21237
22020
22225
22727
22782
22894
22990
24222
24377
25259
25996
26160
26729
28498
29217
31373
32188
32745
32770
33196
33453
33696
35659
37027
37228
38809
40364
42546
44208
45755
47058
47239
47779
48046
49281
49637
50329
50587
52608
52825
53017
53133
55232
55617
57331
57441
58752
60824
62550
66560
70314
71572
71870
72584
73434
74581
75673
76621
78536
79871
79964
80941
81608
82312
82610
83747
83993
84603
85227
88197
88572
90613
90836
91730
92727
93938
98243
101066
101535
102913
104239
104880
108863
109853
116373
121579
125033
136409
137557
138824
138938
139069
142552
142581
148034
153945
154336
155937
161379
162227
164316
165611
165874
165884
166280
167477
173309
175689
175777
177224
177901
178055
178203
178309
178387
179016
179892
180086
180377
180598
180754
182235
182270
182272
182774
183615
184482
185990
186089
188995
192878
193565
195048
195138
195172
200570
200777
202577
207003
230279
242585
249015
257900
258177
275732
280321
290101
314418
314421
315200
323647
325127
329506
330281
331440
338503
339816
341690
343114
344387
345576
345986
346401
346664
346801
346977
347329
347708
347767
347983
349080
349930
350498
351778
351957
353260
354110
355579
355883
356700
356734
357761
358809
359319
359485
360031
361604
362429
362995
364485
370075
370392
370919
370946
372619
373870
385364
386201
386895
425660
463464
488508
494780
495376
498192
522594
547687
572955
947
1100
1210
1370
1392
1842
1859
2087
2988
2995
3101
3102
3726
3939
3993
4225
5074
5289
5496
5771
5917
6293
6704
6907
7167
7275
8631
9185
10012
10185
12541
12708
14085
14224
14611
14982
15834
15841
16083
16191
16636
16637
17207
17228
17258
18017
18882
18883
19305
19870
20633
20998
21396
21798
21799
22060
22144
22423
22503
22703
22722
23013
23309
23312
23690
24527
24546
24856
25520
26276
26373
26411
26414
27129
27140
27984
28532
28882
29118
30578
30759
31205
31741
32354
34393
35134
35582
36915
36947
37599
37634
37689
38086
39981
41058
41174
41561
41649
43002
44528
45369
45546
46322
46389
46921
46952
47228
47958
48788
51497
52636
52821
54296
55150
55994
56595
57428
57974
58646
58959
59135
59691
59817
60565
62673
65145
65434
66153
66995
69174
71545
73850
74788
74790
75059
76632
77203
78473
81602
81643
87464
89576
95807
95918
96705
99685
104509
105708
106832
110596
111708
116931
118798
119516
122981
123288
129905
136162
139162
140306
141623
143455
143582
145745
151415
161745
173092
174288
177854
184310
185468
185474
190165
191466
191871
191877
193472
193970
195858
200884
205254
206419
206553
207868
210427
210801
210861
217366
219174
222271
224997
226981
230527
232956
237503
237515
238381
251041
252728
253077
253133
274221
287305
295499
306668
312308
314215
314616
315781
316694
325286
329891
330575
335037
335778
336448
338535
338889
341274
342613
344372
344816
346311
347012
349292
349333
349390
349845
355228
356954
360345
365571
378701
383376
383743
389184
412786
434009
442527
455183
475035
476371
484714
491406
498216
499374
499474
511221
526684
548386
555708
556064
579607
580303
58
389
1070
1103
1253
1666
1759
2382
2852
3147
3339
3634
3777
4139
4308
4441
4610
5000
6532
6619
7333
7450
7748
8145
8227
8274
9179
9391
9531
9590
9898
10411
10812
10827
11973
13121
13335
13635
14676
14810
14991
15153
15661
15723
15837
16145
16515
16713
17191
17305
17500
18095
18256
18307
20458
22911
22938
23997
24235
24877
25357
25568
26244
26664
26980
26992
27081
27261
27715
29314
29547
30956
31150
31270
31576
31631
31971
32669
32859
34163
34996
35462
36392
37276
37537
37884
39270
40066
41102
41110
41548
41588
42707
43160
43762
44425
44648
44673
45390
45526
45932
46542
47170
47735
48011
48484
49309
51286
55196
55628
55789
57504
59549
59822
61415
61604
61940
63594
65317
65658
67490
67817
70123
75347
75418
75502
75778
76629
77154
78556
78730
78802
78988
79398
80766
80837
81003
81177
82142
83088
83950
87330
89582
91752
91893
92164
92519
93159
96128
98052
99669
101118
105311
106051
107840
108714
109030
110890
111507
112409
114646
114886
118896
119522
127669
131061
133044
136375
138052
139336
140428
141306
144650
144832
144969
146713
146834
147442
150629
151468
152768
154789
155774
156265
158958
160194
162172
163579
163685
164108
166754
167822
171248
174389
174420
176015
176977
177145
177943
179259
179719
179722
180572
181070
181283
181839
183407
184544
185231
185730
186383
186766
192369
192505
193774
194510
197432
198765
199594
204299
207696
207848
209389
212658
214463
214877
217352
225489
226820
227885
248374
249576
249935
275882
280822
287440
289115
293183
293585
293633
307521
314328
314330
315236
323762
323815
323934
324796
325071
325683
325969
326133
326174
329040
329983
330177
331730
331882
335554
337273
341475
342557
346081
346668
351072
351830
352558
359565
362046
368706
385072
385641
386586
416245
431007
436331
462893
464873
498273
515142
533218
537588
576352
579721
30
108
191
411
477
737
797
802
1294
1348
1703
1808
2024
2107
2198
2384
2410
2484
2603
2950
2975
3023
3094
3141
3229
3315
3340
3671
3734
3944
3994
4111
4127
4559
4565
4963
5042
5853
6413
6479
6523
6699
6717
7053
7075
8359
9133
9524
9615
9708
10061
10489
10891
10914
10936
11097
11115
11153
11615
11881
12664
12712
13730
13986
14475
14547
14663
15406
15469
15737
15747
15775
16022
16718
16802
17047
17053
18683
18774
19499
19681
20240
20668
21265
21772
21938
21976
22101
23381
23832
25593
26021
26352
26604
26893
27446
28418
28420
29007
30414
31026
31152
31181
31954
32834
32939
33130
35438
35937
36085
36342
36522
37319
37910
39550
40190
40281
40678
40725
41236
41291
41373
42103
42378
43097
45230
45244
46197
46713
47093
47308
47928
49057
50478
51000
51375
51825
52861
53087
53818
54137
54349
54918
57263
57609
58150
58995
60532
61739
61951
63026
63604
63611
63659
64200
64514
64983
65103
65465
65501
66276
66477
66672
66684
67026
67503
67783
67940
70634
72967
73502
74861
77532
78706
79114
