55150
55994
56595
57428
57974
58646
58959
59135
59691
59817
60565
62673
65145
65434
66153
66995
69174
71545
73850
74788
74790
75059
76632
77203
78473
81602
81643
87464
89576
95807
95918
96705
99685
104509
105708
106832
110596
111708
116931
118798
119516
122981
123288
129905
136162
139162
140306
141623
143455
143582
145745
151415
161745
173092
174288
177854
184310
185468
185474
190165
191466
191871
191877
193472
193970
195858
200884
205254
206419
206553
207868
210427
210801
210861
217366
219174
222271
224997
226981
230527
232956
237503
237515
238381
251041
252728
253077
253133
274221
287305
295499
306668
312308
314215
314616
315781
316694
325286
329891
330575
335037
335778
336448
338535
338889
341274
342613
344372
344816
346311
347012
349292
349333
349390
349845
355228
356954
360345
365571
378701
383376
383743
389184
412786
434009
442527
455183
475035
476371
484714
491406
498216
499374
499474
511221
526684
548386
555708
556064
579607
580303
58
389
1070
1103
1253
1666
1759
2382
2852
3147
3339
3634
3777
4139
4308
4441
4610
5000
6532
6619
7333
7450
7748
8145
8227
8274
9179
9391
9531
9590
9898
10411
10812
10827
11973
13121
13335
13635
14676
14810
14991
15153
15661
15723
15837
16145
16515
16713
17191
17305
17500
18095
18256
18307
20458
22911
22938
23997
24235
24877
25357
25568
26244
26664
26980
26992
27081
27261
27715
29314
29547
30956
31150
31270
31576
31631
31971
32669
32859
34163
34996
35462
36392
37276
37537
37884
39270
40066
41102
41110
41548
41588
42707
43160
43762
44425
44648
44673
45390
45526
45932
46542
47170
47735
48011
48484
49309
51286
55196
55628
55789
57504
59549
59822
61415
61604
61940
63594
65317
65658
67490
67817
70123
75347
75418
75502
75778
76629
77154
78556
78730
78802
78988
79398
80766
80837
81003
81177
82142
83088
83950
87330
89582
91752
91893
92164
92519
93159
96128
98052
99669
101118
105311
106051
107840
108714
109030
110890
111507
112409
114646
114886
118896
119522
127669
131061
133044
136375
138052
139336
140428
141306
144650
144832
144969
146713
146834
147442
150629
151468
152768
154789
155774
156265
158958
160194
162172
163579
163685
164108
166754
167822
171248
174389
174420
176015
176977
177145
177943
179259
179719
179722
180572
181070
181283
181839
183407
184544
185231
185730
186383
186766
192369
192505
193774
194510
197432
198765
199594
204299
207696
207848
209389
212658
214463
214877
217352
225489
226820
227885
248374
249576
249935
275882
280822
287440
289115
293183
293585
293633
307521
314328
314330
315236
323762
323815
323934
324796
325071
325683
325969
326133
326174
329040
329983
330177
331730
331882
335554
337273
341475
342557
346081
346668
351072
351830
352558
359565
362046
368706
385072
385641
386586
416245
431007
436331
462893
464873
498273
515142
533218
537588
576352
579721
30
108
191
411
477
737
797
802
1294
1348
1703
1808
2024
2107
2198
2384
2410
2484
2603
2950
2975
3023
3094
3141
3229
3315
3340
3671
3734
3944
3994
4111
4127
4559
4565
4963
5042
5853
6413
6479
6523
6699
6717
7053
7075
8359
9133
9524
9615
9708
10061
10489
10891
10914
10936
11097
11115
11153
11615
11881
12664
12712
13730
13986
14475
14547
14663
15406
15469
15737
15747
15775
16022
16718
16802
17047
17053
18683
18774
19499
19681
20240
20668
21265
21772
21938
21976
22101
23381
23832
25593
26021
26352
26604
26893
27446
28418
28420
29007
30414
31026
31152
31181
31954
32834
32939
33130
35438
35937
36085
36342
36522
37319
37910
39550
40190
40281
40678
40725
41236
41291
41373
42103
42378
43097
45230
45244
46197
46713
47093
47308
47928
49057
50478
51000
51375
51825
52861
53087
53818
54137
54349
54918
57263
57609
58150
58995
60532
61739
61951
63026
63604
63611
63659
64200
64514
64983
65103
65465
65501
66276
66477
66672
66684
67026
67503
67783
67940
70634
72967
73502
74861
77532
78706
79114
79435
79546
79969
79998
80195
80735
82336
82784
84126
86702
87209
87253
88595
89509
89957
90159
90502
90726
92230
93211
93877
95957
97996
99819
102574
103097
104094
105593
106287
106821
106978
107212
108651
110544
110639
112947
116486
116991
121565
122183
127707
127890
129859
130653
133421
134246
142100
145629
148510
153341
159064
160833
161890
161908
162030
165883
168448
170717
175015
176320
176751
176884
176970
177595
178386
179198
181437
181904
181941
182119
183269
185390
186170
186794
188673
189022
189459
189632
189697
191846
192054
192096
193153
193417
194922
196081
196606
198076
198574
201031
209672
213742
218760
226159
228680
229510
237670
239639
241011
242260
252007
264037
266167
270330
273770
286211
289986
290320
293244
306344
314765
314925
316930
324257
326114
326764
327462
329344
329937
330392
330959
331203
342882
343219
343327
343375
343790
344852
345800
347298
347447
347537
349273
352606
352679
352740
353116
353390
353717
354760
355043
355746
356626
357672
357920
358361
358433
359390
360264
360479
360813
361308
363068
363199
365480
365498
365783
366646
366962
367877
367891
369345
371004
371709
371959
374273
378694
382737
383361
383370
385613
386234
386609
387472
387918
388144
388669
390031
392753
413986
417968
457794
474847
478403
494603
539405
544010
242
283
788
794
826
1098
1384
1875
2360
3120
3210
3439
3700
3704
3710
4510
4850
5017
5263
5265
5542
5639
5956
6676
6809
6930
7016
7272
7591
8235
8602
8629
8646
8662
9000
9344
9396
9560
9973
10091
10222
10520
10591
10970
11467
11720
11849
11962
12022
12672
12801
12882
13299
13354
13844
13875
14498
14725
14966
15058
15129
16115
16290
16855
16909
16970
17237
17283
17479
17485
17810
17925
18055
18314
18331
18877
19085
19972
20009
20233
20300
20423
21329
22250
22347
22659
22939
23223
23455
23579
24544
25105
25540
25616
26333
26343
26684
27079
27211
27519
27549
27609
27920
28378
28679
28876
29073
29476
31046
31060
31103
31514
31927
33223
33444
34022
34052
35513
36151
36169
36364
36404
37152
37203
37287
37622
38031
38208
38768
38919
39749
40056
40672
40835
41029
42560
42634
42714
43548
44287
44289
46159
46689
47097
48128
49009
49721
50365
50539
51017
51321
51821
52207
53086
54097
54532
55130
56344
56448
56597
56723
56729
57235
57651
58002
58591
61875
61945
61947
62924
63058
64976
65518
66366
67334
70235
71104
71319
72053
74553
75883
80781
83273
83373
83897
84274
85742
86040
86157
87544
87947
88397
88518
88611
90525
93599
93635
93808
94378
94654
94859
96381
97010
97771
98897
100455
101136
104926
108116
108290
108439
111846
112775
113075
113373
114954
115774
117092
121830
122302
122845
124491
124591
124897
129795
132974
134715
138646
138788
139088
139331
139580
139617
139970
142493
150864
151338
153538
157077
158360
158959
160308
162000
163018
164249
167420
169516
170347
171318
174811
175200
175918
176088
180434
181414
182702
186224
187383
187525
187590
187891
188247
189254
190488
191221
191317
191495
192050
192419
193953
194774
194976
195340
195410
195483
197249
197352
200433
202127
202806
203080
203998
205272
211905
216200
219190
219833
224291
233817
236624
242771
253828
255284
258049
265788
267007
277181
281521
283358
294327
299310
314277
314362
314376
317402
319048
325343
325989
326184
327169
327735
328602
328750
329006
331309
332228
334169
334190
334806
336421
336561
336740
337837
340455
341124
343670
345074
345507
346012
347353
349449
351956
353020
354380
355193
360480
364026
365222
369295
375161
384835
385518
385546
386090
413198
435609
481519
495837
499500
499845
507714
508336
545688
567325
571295
579598
579640
11
36
132
446
452
515
628
683
869
1132
1144
1390
1430
1492
1498
1573
1668
1732
1885
1953
2189
2761
2786
3167
3561
3799
4042
4311
4384
4450
4611
4738
4847
4906
4923
5027
5070
5097
5233
5324
5628
6000
6112
6115
6542
6756
7007
7107
7397
9384
9409
9526
9774
9940
10004
10076
10528
10945
11611
11767
12216
12237
12316
12394
12727
12811
12910
13076
13548
13561
13588
14076
14260
14272
14476
15013
15392
15594
15999
16218
17089
17321
17846
18156
18209
19351
19468
19528
19689
20442
21451
21586
22068
22899
23141
23245
23952
24418
24686
25137
25467
25911
25947
26823
26919
27766
27916
28363
28365
28537
28689
29136
29499
29500
29648
30450
30509
31141
32396
32444
33905
33996
34230
34456
35065
35343
35650
36336
36471
36894
37227
37254
37480
37631
38563
38597
39400
39654
40423
40712
40822
41680
42998
43769
43829
45717
45831
46183
47443
48849
49785
50058
50479
50980
52212
52741
52826
56393
56547
56629
57188
58143
58371
58817
59977
60333
60366
60751
60838
61238
61263
62347
62654
64950
65096
65669
66763
68532
70063
70237
70884
71274
71910
73573
74626
75229
75633
75740
78973
79765
80093
83236
84243
84395
84778
85575
86383
87111
87244
88537
89025
90984
93750
94542
96111
96204
96281
97235
97242
97547
97570
99073
99393
100228
100574
104512
105064
105100
108262
108567
109461
109604
110757
112842
114667
116614
117916
119139
121012
122198
125716
127001
131703
132402
132461
133147
133207
133658
136087
136367
138064
139044
140273
142560
144812
147285
149770
150510
158311
158584
161324
164209
164839
165046
165887
175388
175948
176635
177325
177700
177871
178163
178286
178849
179140
179738
179826
180897
181391
182692
184425
185994
186526
186850
188734
189382
189838
190139
190289
191263
191288
192595
193175
194757
195550
197348
198703
200939
203609
203624
203783
204254
204595
204843
205239
209243
210712
213996
214780
217499
218905
222424
223669
224849
225040
230886
239982
244680
245610
248490
260600
271510
272408
276669
280519
287264
288667
290666
291727
299319
315068
320171
324561
324741
325802
326028
328327
328917
329669
332154
333964
334329
334538
336299
336353
336656
336830
337410
337796
339771
340716
341066
342177
342391
342892
344907
345362
345379
348456
349839
350420
351346
351728
352996
353216
353829
353904
355041
356427
357599
357749
359182
359857
361777
362172
362371
363409
364285
366667
372708
378083
382759
385175
385199
385402
385507
385517
385901
387170
387412
388324
388395
388977
421591
484727
486759
491785
494857
495871
496032
500228
538127
541527
560339
576378
578317
579849
580100
489
618
692
1112
1278
1648
1784
1824
1846
2132
2200
2392
2430
2450
2471
2492
2496
2948
3130
3420
3430
3443
3515
3560
3742
4092
4215
4299
4534
4571
4616
4685
4707
5160
5191
5370
5753
5758
5925
5942
6370
6589
6873
7006
7065
7648
7886
8012
8186
8334
8734
8826
9025
9498
9532
9638
9707
9748
9879
10002
10020
10242
10803
11142
11495
11530
11608
11975
12028
12245
12477
12670
13008
13038
13150
13444
13922
14009
15160
15200
15487
16752
16959
17265
17267
17695
17832
17866
17899
18021
19513
19588
19840
19888
19973
20109
20286
20326
20660
20661
21330
21590
22054
22851
24444
24471
24652
25022
25078
25373
25498
26023
26109
26809
26895
28724
29192
29425
29623
29634
30403
30429
31870
32085
32273
32947
33103
33345
33580
33801
34275
34666
34863
35278
35315
36004
36164
36640
36673
36686
36776
36924
37541
37715
37906
37971
38121
38179
39198
39462
40737
40786
40895
41059
41109
41149
41194
43135
43728
43901
45022
45395
46017
46534
46659
46707
46820
46840
47162
47207
47384
47821
47914
48662
48687
48712
48853
49104
49738
50081
50312
50795
51080
51761
52873
54653
54962
55067
55902
56714
57402
57579
58084
58312
58628
58891
59073
59411
62087
62273
62982
63263
63585
64239
64264
65016
65048
65217
65380
65977
66091
66479
67873
68278
69493
69767
70834
71865
72115
72297
72689
73885
74734
75701
76068
77543
78427
78712
79745
80945
81057
82826
82994
84008
84810
84879
85248
86348
86508
86678
86759
86927
88898
89920
90035
90422
92160
93678
93964
94135
94912
96005
98242
98740
100307
101419
102918
103810
