432596
133
5397
7111
11190
14146
17183
17721
25366
117529
256929
287542
371567
1141
20204
21998
24956
30544
72601
134812
351829
89
1402
2425
2805
8442
13197
14397
16910
43273
48427
105598
2772
6104
10843
13156
15466
18642
56389
86729
146810
324256
9349
9420
9760
11052
69800
324047
329122
352191
1283
3837
7845
10543
16836
18551
29381
42380
157419
158854
191410
324691
363070
500082
2903
18586
19365
33943
46849
146507
153793
324723
351715
360745
378582
579606
1028
2207
7148
9832
14161
16799
19750
23570
23610
24407
40034
57135
133354
210453
327322
1024
1361
6014
19902
29696
38227
39845
46195
77624
88519
135457
185966
317642
494916
10965
14023
14125
18149
18983
20183
22449
23413
27318
29124
31425
32664
40987
182528
184853
205369
323961
378580
386324
827
9293
9998
12905
14903
23457
29962
31819
40150
44607
96802
133366
133417
158876
180815
2892
4599
20873
23655
57477
62776
119910
145147
242624
314244
323964
365401
45
11151
12945
24021
26742
47814
48074
49682
61973
83211
86778
133588
191826
240543
280224
287551
323965
332328
351125
378579
338
2040
16232
24172
25328
29502
48415
61806
64571
72402
103098
120432
133378
140109
149800
158987
209591
355023
378577
537091
547925
654
1589
1636
2921
10501
13306
17584
24929
