29089
39755
52176
71041
90646
133271
187234
326004
328924
355040
476776
579596
1151
1343
18589
19642
22253
26613
46589
47298
60204
64299
65232
110440
190933
323649
324667
326924
353666
359050
371506
1312
2961
7575
9540
21822
27036
33289
43242
47506
92050
133812
199748
332086
333029
384988
386831
82
171
1466
2020
3351
5241
5297
13995
15319
24650
26299
28536
32494
37714
38113
65771
84321
135002
159006
178181
287868
342933
348066
348792
351359
385068
67
950
4861
7011
7047
8839
19194
23798
24027
25876
27101
33245
34674
47297
68412
87497
122451
133359
324274
355016
537432
425
2782
3462
3564
5323
10315
11463
14734
16241
22290
22711
24349
26302
26927
27896
44384
47707
56509
97963
125542
133481
148832
248481
323798
386105
483124
552871
12946
16650
16698
17984
26177
31820
39955
40366
45116
54869
59953
61222
87189
122245
133226
133435
161512
179485
191106
192358
203526
230303
330989
335971
349526
353864
359878
367142
609
2427
3116
3873
6831
9365
10780
19582
19913
20115
29979
45213
55396
61078
132697
189951
323754
325634
341158
365048
384987
98
1650
3292
3352
7399
9046
11636
14248
22392
25035
29178
29341
38705
42279
44197
54102
80383
84458
107059
129739
130273
133380
159982
188113
192757
229488
59
3448
4749
9196
11404
13792
15906
19117
26122
40145
44352
48289
61952
78674
79511
84358
91732
109700
133223
133446
146976
155095
160044
323814
385658
894
1577
2795
3680
3955
8793
11578
12311
13359
18479
19162
43203
48793
49819
58933
74872
90796
148758
180827
212430
314544
324294
326137
338784
342422
354931
535665
55
1368
1643
2297
2936
5677
6111
7994
11092
15745
17074
21122
25887
27748
44329
49081
59985
64395
67922
71872
80976
84373
117818
135151
143435
187276
219625
2460
3584
6569
8838
15326
15909
17364
26534
30884
37060
38681
48696
67269
79106
83612
94119
133365
186645
193275
231751
325952
339799
349676
372348
563184
