70960
71569
72096
73066
73120
74056
74063
74590
75929
75953
77279
77669
79179
79879
80017
80496
81638
82715
83627
84106
84713
84919
85729
87345
87425
88856
89516
93551
94792
94950
95663
96555
96578
96948
98457
98630
99186
99492
100465
103696
104897
105937
109399
110794
112033
115213
115560
115794
116270
118007
118090
120043
120843
122004
123019
124343
124344
124360
124667
126173
127083
127121
128147
128196
128331
129358
130144
132957
133127
133258
136629
139110
140321
141895
142417
142963
144152
144821
147122
148500
149969
151073
151358
151370
152320
153841
156947
159427
160516
163354
165148
165964
166042
166801
170363
170603
172669
173255
173652
174821
175140
176765
176806
178582
179498
181547
182143
182403
183073
183498
184500
185887
186319
186868
188189
188637
188843
189497
189763
191346
191570
192258
192482
193130
194095
194311
194788
194993
195282
195355
195590
195615
196166
197088
199172
200528
200540
200595
200786
200888
200986
202202
202609
203932
204739
204909
207056
207078
208999
212431
219835
221337
224909
226028
227442
230913
230946
234090
236475
236972
238821
244012
253876
255074
259251
268346
271260
277100
282577
287814
287838
289874
290274
290696
299538
314223
314419
314462
315133
315718
316014
316566
324320
324981
325547
326791
327023
327819
328223
329060
333025
333460
334610
334612
335018
335284
335510
336355
336594
337266
341590
344759
345716
345721
347385
347616
348325
350439
350464
350795
351550
352636
353925
355288
355861
358958
359847
360477
360478
362562
363126
363510
366665
367845
368327
370228
372679
374755
384939
385249
385418
385446
385449
385520
386064
386092
386371
386594
386779
387441
387762
388057
388132
388514
388991
390041
390833
392027
418718
423177
426964
440271
445349
448198
474548
474876
477266
480055
484766
491703
496567
496568
503555
521299
524913
554892
557697
563232
565808
579701
141
266
339
352
529
577
799
927
984
1058
1082
1169
1182
1198
1217
1311
1557
1639
1669
1713
1763
1854
1886
1911
1916
2135
2161
2249
2296
2572
2583
2666
2713
2771
2788
2815
2818
2888
2931
2962
3022
3075
3156
3170
3286
3382
3400
3490
3606
3623
3835
4106
4283
4323
4396
4412
4437
4594
4933
5115
5147
5175
5346
5409
5536
5622
5643
5705
5916
5943
5973
6110
6499
6502
6510
6521
7356
7813
7825
8005
8035
8062
8341
8405
8426
8432
8545
8663
8709
8868
9060
9339
9900
10590
10603
10736
10933
11289
11524
11589
11620
11686
11862
11963
12000
12149
12221
12321
12374
12415
12641
12728
12847
12953
13079
13093
13124
13254
13357
13774
13945
13999
14013
14609
15276
15415
15542
15676
16139
16549
16589
16644
16654
16820
16957
16993
17247
17319
17455
17528
17575
17676
17755
17770
17796
17909
18201
18659
18869
18927
19423
19428
19769
19911
20015
20101
20744
20898
21120
21158
21195
21230
21261
21762
22040
22719
23070
23403
23502
23740
24012
24082
25427
26614
26731
26760
26851
26884
27264
27605
28233
28699
28720
29626
29899
29932
30110
30488
31215
31309
31603
31761
31842
31847
31937
32128
32728
32845
32919
33778
33909
34062
34190
34443
34642
35181
36227
36440
36683
37105
37175
37553
37568
37824
38016
38364
39024
41026
41410
41418
42242
42864
43610
43647
43952
44507
44946
45243
45477
45676
45991
46056
46254
46493
46828
46909
46991
47249
47361
47478
47617
48033
48070
48270
48864
49169
49543
50808
51333
51361
51600
52194
53044
53100
53519
53676
55611
55990
55997
56286
56441
57000
57032
57502
57763
58014
58722
59138
59463
59692
60695
60762
60800
61355
61809
61903
62448
62817
63243
63630
64504
65192
65349
65429
65544
67213
68035
70998
71185
71249
71303
71827
71984
72467
72604
72640
73110
73142
73642
75287
75634
75677
76920
77123
79341
79410
80504
80630
81318
81922
83427
83924
84170
85490
86489
87236
87440
87608
87661
87992
89029
89667
90992
91405
91462
91745
92310
93063
93876
94155
96316
96515
96570
97561
97770
98256
98733
99173
99378
99965
100052
101026
101667
103240
103422
103663
103713
104397
105104
105171
105850
106069
108048
108223
108898
108995
109043
111305
112085
113206
114330
114797
116001
116089
116218
117514
117946
118850
122679
123525
126530
126600
126647
126695
127255
127568
128242
128664
128858
129348
129706
131633
132801
133075
133671
133682
133842
134200
134281
134289
134529
134888
136126
137063
138088
138111
138179
138598
139318
139566
139975
140246
140799
142978
143527
143901
144769
145152
145396
145788
148463
148530
151052
151482
151819
152149
155242
155549
156570
159411
159808
160377
161434
162505
162577
164111
164569
165174
166658
171203
171306
173052
173426
173433
174691
174770
174841
175242
175298
175356
175455
175518
175990
176377
176481
177365
177857
178072
178533
178554
178587
179142
179204
179295
179425
179924
180913
180969
180981
181323
182286
182761
183362
183457
183552
183964
184050
184222
184234
184863
184971
185092
185575
186449
186612
186634
186935
187338
188234
188706
189492
190202
190294
190615
190807
191487
191973
192274
192547
192568
192766
193030
193177
193190
193635
194437
194477
195256
195530
197246
197951
198145
200690
200891
202572
204693
205420
207089
208249
210324
211752
213534
220897
222726
223587
223782
226202
227134
229558
230015
233532
233542
235696
235788
237914
237931
240278
241088
242804
242875
249210
249936
253634
255423
261876
272373
272681
272967
274469
275206
275872
279152
279901
282192
282730
282757
287519
288080
293349
294670
294715
295236
298335
315326
316003
316067
320432
324145
324237
324480
324834
325341
325358
325581
326167
326215
326976
327181
327352
327837
328147
328894
329193
329211
329335
329989
331259
331550
331862
332176
332545
334395
334541
336196
336883
337358
337650
338714
339397
339772
341147
341440
341447
341549
342661
342866
342869
343831
343942
344399
344433
344728
347858
348570
349322
349567
349864
349971
350446
350787
350799
351332
352133
354009
354640
355617
356072
356109
357598
357728
357987
358604
359896
359948
360680
361679
361774
361933
365335
365592
366628
366892
367255
367603
368254
368758
369894
373046
378628
379443
384799
385187
385356
385367
385440
385494
385554
385589
385614
385885
386265
386878
387222
387365
387413
389760
391209
403876
415201
416474
416506
424060
426577
443854
454846
459380
462030
465666
473711
481482
484882
485729
496732
498198
498374
519630
524413
534749
544173
545441
549809
566832
579865
47
90
153
293
400
521
971
981
1072
1146
1270
1302
1404
1459
1532
1588
1659
1660
1757
1795
1804
1914
2111
2194
2308
2343
2376
2424
2452
2465
2469
2481
2562
2673
2775
2952
2998
3038
3185
3529
3554
3608
3629
3677
3687
3733
3898
3957
3981
4000
4023
4280
4294
4480
4748
4814
4817
5018
5408
6018
6032
6269
6271
6317
6464
6482
6585
6606
6731
6771
6805
6866
7000
7102
7110
7141
7166
7332
7347
7459
7602
7609
7772
8001
8081
8091
8130
8325
8527
8666
9245
9261
9278
9290
9335
9473
9613
9676
9843
9926
10268
10334
10580
10583
10599
10820
11041
11053
11109
11563
11676
11757
11870
11884
12166
12186
12241
12425
12441
12640
12990
13181
13190
13284
13720
13724
14077
14105
14124
14131
14350
14543
15034
15590
15951
16019
16343
16591
16671
16725
16737
17027
17140
17157
17273
17745
17775
18234
18238
18373
18490
18591
18673
18733
19199
19373
19460
19687
19786
19866
19941
20179
20187
20695
21485
21988
22386
22547
22565
22960
23382
23563
23893
24004
24094
24139
24281
24357
24478
24559
24763
25003
25113
25650
25723
25777
26488
26694
26745
26948
28029
28163
28263
28837
29050
29583
29888
29911
30178
30842
31155
31268
31273
31315
31446
31499
31575
32226
32247
32282
32555
32883
33279
33288
33596
33853
34519
34533
34656
35598
35723
35893
36276
36516
36880
37621
38048
38242
38448
38543
38785
39083
39183
39381
39421
39516
39788
40068
40257
40524
41033
41532
41682
41948
41957
41967
42278
42833
43113
43393
43581
44108
44343
44483
44555
44850
45027
46218
46351
46556
46613
46950
47340
48233
48287
48544
48713
48755
49338
49847
50155
50253
50267
50597
50635
50974
50996
51326
51395
51667
51751
52175
52388
52454
53906
54678
55109
55689
56284
56432
56840
56842
56912
57788
57963
57979
58147
58861
58953
59216
59340
59365
59377
59983
60026
60032
60444
60635
60848
61194
61211
61257
62122
62247
62387
62500
62573
63572
63835
63844
63871
63908
64142
64454
65078
65724
66084
66444
66648
67803
68143
68543
69229
69359
69648
69731
70079
70116
70352
70557
70635
70782
70901
71509
71513
71734
71812
72128
72996
73153
73212
74058
75119
75683
75759
75935
76800
77345
77569
77922
78325
78580
78628
79012
79480
79651
80280
80629
81377
81487
81603
81614
83970
83974
84332
84589
84944
84966
86029
86158
86672
86816
87029
88371
88918
89514
90191
90828
91407
91772
92493
92501
92923
93218
94164
94514
94688
95602
95762
96342
96770
97498
97548
98310
99170
100137
100496
100625
100765
100839
101985
102411
102414
102461
102548
103005
103107
103210
103527
103728
104036
104985
107137
107533
108111
108179
108324
108415
109256
109477
109584
110670
111023
111074
111580
112640
112883
114920
115068
116315
116557
119815
120320
120694
121228
121374
121946
123423
123445
124155
124852
124968
125496
127234
127631
127950
128450
128901
129391
130837
131493
131770
131867
131943
132385
133195
134579
134671
134718
135069
135191
136092
136212
136819
139015
139625
140092
142142
142149
142547
143319
144695
145038
146203
147296
147817
149076
149229
152257
152307
153379
153442
153724
154112
155685
158773
160396
160598
161103
161837
162116
162417
163214
165027
166399
167779
168092
170271
171368
171424
171469
171471
173347
174685
175253
175398
175438
175493
175505
175715
175951
175986
176041
176265
176408
176484
176735
177428
177618
177671
177741
177891
177912
177938
178448
178576
178590
178627
179022
179030
179165
179186
179375
179661
179684
179726
179872
179919
180171
180183
180196
180237
180456
180490
180517
180605
180807
181024
181115
181686
182082
182179
182259
182279
182379
182429
182434
182506
182894
182937
183035
183055
183689
183991
184130
184384
184472
184564
184731
184740
184907
184919
185597
185878
185942
186054
186514
186636
186757
186887
186939
187516
187578
187585
187643
187736
187778
187860
188309
188346
188379
188443
188604
188701
188975
189103
189145
189149
189208
189304
189793
189832
190067
190304
190809
190845
191152
191260
191439
191478
191484
191509
191528
191555
191618
191681
191759
191884
191957
192128
192183
192236
192251
192447
192448
192475
192698
192806
193143
193264
193339
193364
193481
193542
193721
193726
193967
194033
194179
194241
194467
194522
194652
194702
194951
195037
195100
195203
195956
196151
196528
196820
197008
197040
198049
198265
198406
198618
198819
199429
199825
200658
200919
200921
201234
203395
203942
206033
208558
208929
210208
210275
210631
210981
211199
213499
213640
216734
216786
216978
217697
219049
219878
220726
222545
222792
223770
224439
224933
225207
225224
226336
226643
228117
228597
229916
231004
231951
233688
233831
235699
237299
240395
240889
242781
244479
244750
245549
247947
249094
251547
252614
252727
253618
254433
254661
255528
257348
259983
260194
261044
263281
270582
273768
277492
279017
280859
281562
282501
287181
287536
289564
289718
290184
292752
293472
297278
297720
302057
304209
305917
314320
314599
314921
314941
315138
316605
317804
323609
324329
324541
325138
325229
325377
325426
325457
326034
326255
326405
326523
326774
327372
327475
327938
329209
329391
331735
331852
333095
333545
334271
334737
335500
336802
336896
338345
338363
339596
339930
340701
341765
342507
342899
342980
343126
343147
343185
343253
343442
343886
343934
344117
344177
344231
344360
344362
344411
345001
345130
345266
345463
345476
345495
345696
345890
345932
346147
346529
346547
346635
346911
346994
347165
347254
347263
347361
347652
347740
347956
348029
348050
348124
348530
348757
348869
348958
349129
349202
349212
349284
349752
349913
350005
350016
350120
350124
350472
350739
350803
351180
351614
351656
351809
351825
351844
352079
352216
352454
353064
353194
353500
353617
354232
354244
354285
354666
354907
354993
355205
355261
355294
355875
355993
356229
356344
356867
356892
357026
357077
357176
357214
357363
357460
357799
357868
358010
358018
358067
358126
358399
358447
358463
358466
358557
358805
359060
359278
359452
359504
359614
359646
359726
359919
360517
360520
360557
360612
360625
360774
360838
361177
361225
361329
361566
361640
361690
361705
361710
362040
362150
362241
362676
362966
363192
363318
363620
363640
363728
364083
364631
365169
365365
365757
365796
365901
366170
366235
366537
366584
366601
366809
366947
367152
367183
367226
367442
367536
367629
367687
367747
368213
368579
369167
369187
369442
369478
369479
370046
370785
370837
371019
371056
371146
372216
372495
372498
372598
372716
372983
373001
373069
373131
374382
374774
380561
380892
381429
383716
384834
384866
385013
385026
385039
385052
385099
385309
385313
385674
385746
385858
386003
386171
386453
386791
387060
387368
387391
387705
391182
395017
397359
422023
422246
428922
430634
437324
437475
443699
445938
448954
452076
452110
456532
466644
468710
468998
476855
479394
480993
488376
494245
494552
494891
494948
494950
495019
495021
495248
495327
495388
495632
496541
496702
496869
497039
497604
498254
499871
513594
521369
524933
525681
546218
549199
551616
552932
561457
568830
570217
576348
576365
579589
579616
579802
2
109
231
256
394
482
499
621
629
689
773
777
877
1029
1037
1038
1116
1158
1208
1240
1412
1526
1615
1738
1794
2061
2138
2231
2235
2236
2295
2300
2338
2349
2358
2532
2641
2668
2733
2784
2963
3178
3306
3318
3588
3802
3843
3899
4134
4193
4496
4556
4567
4706
4776
4865
4974
5029
5047
5108
5356
5471
5563
5581
5601
5683
5728
5955
6101
6132
6201
6282
6324
6338
6503
6527
6543
6617
6848
6876
7026
7034
7093
7133
7180
7432
7589
7695
7874
7892
7941
8179
8577
8625
8630
8717
8820
8983
9012
9194
9214
9280
9334
9426
9478
9529
9713
9948
9967
10108
10206
10306
10418
10544
10753
10838
10901
11008
11277
11341
11488
11537
11737
11799
11886
11908
12240
12430
12523
12793
12803
12878
12942
13404
13474
13639
13739
13820
14012
14263
14375
14379
14491
14974
15109
15294
15429
15438
15521
15600
15659
15693
15884
15983
16061
16165
16316
16867
16893
17196
17257
17449
17826
18406
18561
18626
18667
18724
18970
19063
19536
20163
20188
21156
21289
21343
21413
21415
21853
22041
22450
22734
22785
22971
23107
23291
23319
23368
23551
24233
24253
24516
24685
24760
24849
24857
24926
24927
24963
25133
25241
25270
25380
25656
25661
25883
25906
25932
25952
26209
26421
26451
26464
26725
27082
27542
27738
27750
27954
28055
28074
28153
28156
28534
28845
28890
29107
29775
29822
29975
30458
31078
31126
31440
31504
31609
31648
32435
32657
33017
33121
33554
34250
34420
34718
35228
35290
35324
35921
35974
36243
36693
36839
36896
37099
37274
37469
37587
37800
37841
37890
38540
38853
39004
39100
39113
39148
39737
39886
40465
40943
41350
41369
41546
41767
42166
42201
42478
42739
42958
43146
43164
43289
43347
43649
44240
44294
44333
45002
45112
45141
45574
45628
46030
46136
46181
46953
47182
47426
47444
47466
47679
47947
48235
48336
48364
48807
48889
49170
49227
49373
49384
49516
49611
49774
49814
50279
50422
50503
51147
51555
51814
51897
51908
52202
53213
53218
53238
53279
53526
53740
54611
54695
54891
54990
55996
56279
56417
56716
56804
57077
57096
58015
58025
58102
59062
59082
59143
59324
59358
59427
59795
59829
60929
60998
61456
62517
63805
64319
64623
65473
65729
65804
66101
66651
66959
68506
69057
69312
69714
70473
70623
70958
71211
71912
71952
73295
73878
74141
74238
74710
74953
75289
75711
76150
76259
76567
76936
77748
77769
77927
77959
78030
78589
79108
79469
79911
79993
80458
81230
81349
81517
81714
82450
83037
83119
83317
83883
83968
84874
85003
85180
86490
87020
88236
88810
89007
89276
90019
90452
90503
90543
90795
91398
91618
92388
92443
93832
93994
94038
94092
94216
94252
94671
95039
95124
95157
95292
95447
95474
95657
96117
96167
96775
96783
97540
97877
99204
99400
99535
99551
100419
102136
102403
102680
103012
103231
103367
103425
103701
103747
104072
104181
104669
104883
105042
105627
106547
106819
106891
106969
107481
107537
108491
108953
109132
109538
109689
109880
110925
111703
111896
112118
112981
113101
113536
113566
114428
114674
115131
115158
115403
115692
115701
115747
117351
118187
118344
118384
119437
119553
119706
120033
121754
122174
122189
122205
123032
124154
124936
126312
126442
126866
127179
127888
127939
129700
130714
134402
135163
135445
135641
137053
137411
137534
138043
139615
140050
141630
142414
142857
143539
143871
143979
145744
146051
146170
147214
147309
147729
148049
150049
150310
150340
151060
151088
152926
153450
153557
155385
156691
157002
157020
157283
157925
158688
159252
159463
159761
160783
161672
161843
161965
162264
162918
163405
164862
165032
165150
166937
167096
167258
167423
168672
169438
173166
173585
174197
174556
174866
175134
175665
176199
176467
176488
176495
176692
176825
177019
177321
179383
179675
179681
180979
181420
181539
181680
181798
181944
182963
182994
183343
184508
184655
184659
184805
185691
186168
186293
186551
186906
187260
187288
187637
187745
187746
187783
187915
188423
188635
188762
189146
190707
190739
192036
192209
192281
192602
192606
192642
192837
192853
192913
193127
193551
193937
194195
194278
194359
194454
194880
195291
195474
195695
196804
196907
197279
198031
198360
199005
200285
200948
201937
202018
202835
203236
203545
203803
204292
204511
204624
204782
204937
205776
205938
206285
206749
208475
209044
209425
210068
210119
212533
213437
215162
215703
215874
216543
217136
218715
220406
220967
224103
225943
226088
227795
228369
230884
231088
231943
232251
234276
234455
234620
235617
236096
236797
237866
239647
246194
248834
249693
252567
253345
253865
253929
253932
254189
254534
255952
257835
261186
262963
263976
268344
272898
272985
274539
275846
277023
277170
277719
278236
278342
285536
287799
287996
293163
295228
295249
295623
295813
298745
299725
299798
300608
300690
305766
306150
308844
310129
314751
315296
315825
316471
317967
319875
323648
323904
324264
324343
324447
324763
324872
324933
325045
325102
325578
325707
325796
326031
326740
326752
327180
327775
328056
328301
329067
329273
329680
329805
330053
331269
332007
332114
332304
332488
333340
333517
333650
333941
334312
335075
335422
335909
336714
336936
336959
338138
338572
339095
340484
341033
341113
341445
342079
342487
343482
344488
344823
344838
345078
345155
345680
346459
346847
347042
347204
348566
348684
348856
348889
349936
350069
350334
350911
351079
351133
351148
352229
352594
354646
354787
354848
355571
356346
356441
356889
357771
358055
358374
358647
360224
360395
361744
362422
362738
365219
365670
366596
366825
367244
368617
369650
372083
372364
372442
383319
384819
385047
385110
385262
385362
385426
385427
385481
385564
385742
385766
386083
386276
386294
386331
386429
386430
386546
386555
386744
386796
386934
387561
387744
387987
388332
389725
390958
413142
423002
423013
431363
432207
437988
444973
447165
447186
456269
461109
473736
474423
474812
475545
476976
477137
477271
486473
487241
491157
494915
495458
495862
496095
499862
500292
508669
511467
522188
523075
526244
526392
527052
531142
535328
535375
537311
539466
541679
542162
544411
546240
558507
562508
568846
571034
573463
575883
576370
579579
579758
579801
579946
580124
24
227
459
638
639
845
862
896
961
1013
1277
1454
1678
1744
1803
1826
1841
1862
2419
2429
2472
2477
2529
2533
2649
2660
2802
2956
3243
3284
3309
3365
3435
3562
3571
3706
3716
3807
3812
3997
4024
4034
4138
4350
4523
4536
4591
4641
4655
4775
4919
4952
5019
5063
5072
5176
5179
5243
5279
5288
5357
5521
