78589
79108
79469
79911
79993
80458
81230
81349
81517
81714
82450
83037
83119
83317
83883
83968
84874
85003
85180
86490
87020
88236
88810
89007
89276
90019
90452
90503
90543
90795
91398
91618
92388
92443
93832
93994
94038
94092
94216
94252
94671
95039
95124
95157
95292
95447
95474
95657
96117
96167
96775
96783
97540
97877
99204
99400
99535
99551
100419
102136
102403
102680
103012
103231
103367
103425
103701
103747
104072
104181
104669
104883
105042
105627
106547
106819
106891
106969
107481
107537
108491
108953
109132
109538
109689
109880
110925
111703
111896
112118
112981
113101
113536
113566
114428
114674
115131
115158
115403
115692
115701
115747
117351
118187
118344
118384
119437
119553
119706
120033
121754
122174
122189
122205
123032
124154
124936
126312
126442
126866
127179
127888
127939
129700
130714
134402
135163
135445
135641
137053
137411
137534
138043
139615
140050
141630
142414
142857
143539
143871
143979
145744
146051
146170
147214
147309
147729
148049
150049
150310
150340
151060
151088
152926
153450
153557
155385
156691
157002
157020
157283
157925
158688
159252
159463
159761
160783
161672
161843
161965
162264
162918
163405
164862
165032
165150
166937
167096
167258
167423
168672
169438
173166
173585
174197
174556
174866
175134
175665
176199
176467
176488
176495
176692
176825
177019
177321
179383
179675
179681
180979
181420
181539
181680
181798
181944
182963
182994
183343
184508
184655
184659
184805
185691
186168
186293
186551
186906
187260
187288
187637
187745
187746
187783
187915
188423
188635
188762
189146
190707
190739
192036
192209
192281
192602
192606
192642
192837
192853
192913
193127
193551
193937
194195
194278
194359
194454
194880
195291
195474
195695
196804
196907
197279
198031
198360
199005
200285
200948
201937
202018
202835
203236
203545
203803
204292
204511
204624
204782
204937
205776
205938
206285
206749
208475
209044
209425
210068
210119
212533
213437
215162
215703
215874
216543
217136
218715
220406
220967
224103
225943
226088
227795
228369
230884
231088
231943
232251
234276
234455
234620
235617
236096
236797
237866
239647
246194
248834
249693
252567
253345
253865
253929
253932
254189
254534
255952
257835
261186
262963
263976
268344
272898
272985
274539
275846
277023
277170
277719
278236
278342
285536
287799
287996
293163
295228
295249
295623
295813
298745
299725
299798
300608
300690
305766
306150
308844
310129
314751
315296
315825
316471
317967
319875
323648
323904
324264
324343
324447
324763
324872
324933
325045
325102
325578
325707
325796
326031
326740
326752
327180
327775
328056
328301
329067
329273
329680
329805
330053
331269
332007
332114
332304
332488
333340
333517
333650
333941
334312
335075
335422
335909
336714
336936
336959
338138
338572
339095
340484
341033
341113
341445
342079
342487
343482
344488
344823
344838
345078
345155
345680
346459
346847
347042
347204
348566
348684
348856
348889
349936
350069
350334
350911
351079
351133
351148
352229
352594
354646
354787
354848
355571
356346
356441
356889
357771
358055
358374
358647
360224
360395
361744
362422
362738
365219
365670
366596
366825
367244
368617
369650
372083
372364
372442
383319
384819
385047
385110
385262
385362
385426
385427
385481
385564
385742
385766
386083
386276
386294
386331
386429
386430
386546
386555
386744
386796
386934
387561
387744
387987
388332
389725
390958
413142
423002
423013
431363
432207
437988
444973
447165
447186
456269
461109
473736
474423
474812
475545
476976
477137
477271
486473
487241
491157
494915
495458
495862
496095
499862
500292
508669
511467
522188
523075
526244
526392
527052
531142
535328
535375
537311
539466
541679
542162
544411
546240
558507
562508
568846
571034
573463
575883
576370
579579
579758
579801
579946
580124
24
227
459
638
639
845
862
896
961
1013
1277
1454
1678
1744
1803
1826
1841
1862
2419
2429
2472
2477
2529
2533
2649
2660
2802
2956
3243
3284
3309
3365
3435
3562
3571
3706
3716
3807
3812
3997
4024
4034
4138
4350
4523
4536
4591
4641
4655
4775
4919
4952
5019
5063
5072
5176
5179
5243
5279
5288
5357
5521
5589
5656
5769
5832
5857
5895
5953
5978
5999
6041
6044
6105
6107
6145
6225
6258
6272
6461
6488
6556
6728
6963
6980
7025
7064
7190
7208
7290
7379
7411
7449
7590
7674
7697
7722
7788
7820
7930
8139
8209
8210
8226
8366
8555
8582
8656
8684
8686
8806
8853
8924
8933
8960
9038
9072
9127
9219
9237
9271
9403
9491
9514
9776
10050
10345
10555
10644
10665
10733
10834
11205
11211
11267
11438
11461
11503
11594
11857
12170
12255
12319
12327
12328
12526
12683
12798
13300
13379
13396
13420
13502
13553
13579
13702
13731
13738
13780
13863
13996
14032
14714
14722
14998
15051
15927
16108
16231
16302
16535
16998
17019
17062
17095
17457
17463
17639
17908
17922
18179
18215
18227
18240
18732
18755
18904
19126
19356
19803
19897
20093
20144
20232
20289
20545
20573
20593
21046
21250
21465
21518
21554
21831
21972
22100
22446
22453
22617
22856
23116
23192
23756
23878
24160
24279
24293
24334
24423
24737
24828
24922
25153
25155
25448
25670
25980
26206
26368
26392
26402
26439
26642
26834
26868
27090
27100
27271
27532
27704
27714
27982
27991
28028
28353
28356
28527
28560
29036
29348
29378
29428
29679
29769
30364
30798
30823
31044
31198
31291
31412
31459
31489
31614
31621
31633
31690
31926
32113
32300
32304
32327
32545
32582
32681
32960
32985
33185
33249
33643
33730
33983
34060
34110
34134
34700
34728
34886
35084
35214
35969
35992
36506
36514
36646
36906
36916
37073
37200
37306
37368
37464
37586
37750
38078
38093
38173
38351
38431
39371
39887
39975
39977
40085
40662
40898
40949
41178
41377
41637
42347
42373
42572
43378
43439
43616
43629
43641
43875
43986
44009
44105
44328
44398
44462
44491
44611
44848
45162
45709
46215
46253
46488
46662
46842
46944
47681
47867
48038
48333
48388
48923
49095
49489
49568
49946
50174
50689
51436
51644
52210
53528
53712
54036
54150
54516
55027
55237
55267
55708
55712
55792
55872
55946
56200
56404
56626
56708
57631
57784
57836
58296
58558
58595
59374
59393
59506
60127
60295
60420
60466
61196
61280
61287
61564
61582
62166
62946
63133
63144
63443
63536
63664
63920
63956
64015
64159
64183
64260
64416
65086
65105
65331
65577
66104
66492
66523
66725
66840
67187
68643
69411
69670
70362
70542
70622
70732
70770
71155
71506
71559
71644
71662
71665
72438
72635
73576
73660
74126
74316
74334
74708
74781
74826
75041
75075
75415
75510
76417
76775
77355
77386
77648
78217
78404
78600
79215
79454
79485
79876
79928
81500
81505
81566
81631
81998
82067
82137
82904
83014
83294
83350
83742
83849
83949
84084
84110
84198
84606
84952
85031
85215
85482
85567
85763
85922
86006
86148
86629
86739
86877
86977
86986
87097
87122
87581
87919
88077
88233
89374
89420
89907
89921
90484
90719
92237
92746
92933
93220
93598
93737
93739
93880
94380
94837
94921
95049
95082
95358
95410
95429
95475
96108
96346
98049
98134
98763
98791
98888
99674
99838
100138
100216
100343
102017
102200
102240
103022
103110
103313
103402
103715
104135
104421
105083
105905
106065
106273
106830
107062
107933
109000
109164
109211
109242
109456
109547
109994
110151
110885
111721
112596
113451
113568
114683
115134
115309
115532
115982
116330
116871
117200
117231
117378
117492
117705
117958
118565
118747
118769
119633
120191
121758
121804
121839
122208
122266
122629
122642
122967
123026
123205
125564
126066
126303
126545
126551
127103
127285
128412
129290
129542
129558
129777
129973
130652
131039
131057
131348
132387
132722
133108
133847
133914
134178
134287
134732
135080
135824
135895
136670
136981
137117
138783
138996
139283
139894
140111
140197
140256
140584
140600
140800
142000
142197
142906
143713
144346
144463
144641
144920
145544
145709
145858
146692
146915
147202
147318
147321
148041
148391
148705
148796
148810
149090
149458
149812
149815
150218
150255
150331
150547
150656
151476
151490
151860
152134
152238
152831
152941
152961
153930
154955
155028
155067
155566
155830
156229
156233
156665
156682
157287
158384
159156
159376
159869
159960
161371
161591
161994
162016
162017
162043
163884
163961
165285
165871
165886
166855
167939
168147
168834
169032
169428
169500
169966
170753
170950
171968
172378
172484
172485
172636
172872
173766
173912
174506
175167
175278
175342
175497
175703
176084
176210
176249
176258
176278
176962
177039
177042
177119
177937
178313
178398
178428
178820
179587
179981
180009
180155
180332
181505
181801
182291
182538
183050
183321
184287
184387
184707
184925
185411
185668
185935
186007
186073
186140
186508
186967
187209
187342
187423
187675
188047
188190
188761
188914
189084
189119
189362
190122
190548
191078
191496
191539
191895
192000
192138
192244
192338
192391
192499
192636
192652
192849
193136
193237
193363
193611
193641
193903
193911
194019
194164
194190
194219
194406
194419
194525
194594
194855
194984
195133
195179
195362
195375
195741
196162
196699
196906
197058
197490
197766
197824
197861
198016
198055
198353
198733
198905
199553
200674
201673
202190
202431
202582
202824
203230
203299
203785
203965
204221
204894
205296
205929
205979
206372
208895
210067
210531
210592
212860
213950
214391
215184
215194
215697
216518
218079
218602
220072
220433
221738
224119
224494
226741
226967
229387
229509
231035
231692
234635
237939
238244
238446
238727
239692
241069
242931
243086
243097
244092
245398
245587
245958
246151
248792
250098
250436
251991
252693
256325
257005
259080
260827
261725
261937
263267
263527
266004
266570
270977
270991
271502
272894
273257
273372
273900
274576
276094
276265
276326
276520
278056
278997
280046
280189
280265
281996
282628
282734
282741
282913
283016
284630
287651
287730
289118
289370
289578
290585
290684
291320
292929
294265
294698
295777
305343
306426
308710
314420
314525
314682
315189
316940
318589
318629
323924
324233
324338
324509
324915
325003
325129
325179
325441
325976
326294
326582
326718
327502
327791
327856
328044
328055
328249
328361
328796
329176
329600
329624
329932
330396
330734
330930
331132
331222
331280
332825
333261
333273
333579
333635
334055
334158
335569
335595
335987
337677
338248
338532
338750
339171
339747
339958
340054
341238
341472
341505
341606
342234
342612
342820
343352
343515
343897
344377
344834
344873
344890
345003
345328
346367
346369
346531
347034
347292
347370
347438
347507
348937
349335
349549
349566
349679
350059
350501
350712
350718
350857
352266
352313
352394
352657
352766
353368
354385
354720
355200
355652
356155
356563
356946
357539
358722
359882
360024
362007
362069
362622
363158
363423
364508
364690
365831
365904
366025
366188
366754
366883
366891
367346
368193
368602
368622
369314
369467
369862
370410
371247
371930
371963
372344
372513
372867
378204
378643
384792
384825
384951
385090
385358
385573
385780
385920
386033
386361
386463
386491
386544
386605
386675
387001
387168
387479
387486
387528
387754
388017
388559
388725
389135
389400
389851
391413
393101
414780
422027
424528
425046
428126
433418
437456
442002
442230
448933
448968
449681
462066
463231
468005
472766
474930
474933
476599
476770
476909
477378
480793
484609
487730
490259
495004
495809
496053
496651
496657
497124
497496
498190
498619
500419
503328
505096
505227
507359
508014
508558
511772
521107
524269
524967
525279
525299
526563
529749
529887
531031
531595
531606
531649
532905
535965
536861
541036
541893
544532
546238
546818
547814
548130
549079
551872
556081
565599
568803
568942
570610
572573
576383
576424
576618
579590
579600
579774
9
38
41
115
174
183
308
358
371
402
497
598
603
650
690
693
715
740
745
779
791
866
934
968
976
1102
1130
1185
1190
1200
1339
1342
1355
1460
1522
1604
1632
1655
1690
1723
1761
1787
1802
1876
1937
1950
1965
2054
2088
2133
2137
2192
2266
2325
2337
2495
2545
2577
2591
2599
2636
2706
2718
2726
2728
2732
2768
2798
2845
2880
2882
2959
3076
3079
3096
3182
3190
3254
3273
3279
3323
3326
3361
3367
3375
3447
3512
3531
3537
3550
3557
3630
3649
3850
4084
4171
4176
4290
4326
4343
4357
4528
4535
4603
4609
4614
4673
4692
4855
4890
4947
4955
4978
5041
5068
5091
5136
5165
5230
5302
5303
5442
5458
5462
5525
5539
5557
5615
5634
5649
5657
5671
5720
5791
5803
5841
5860
5926
5976
5994
6068
6126
6288
6336
6349
6403
6418
6496
6551
6559
6834
6837
6969
6996
7003
7143
7216
7232
7257
7269
7325
7394
7425
7613
7667
7793
7940
7962
7977
7987
7991
8150
8159
8276
8300
8315
8453
8516
8526
8567
8576
8583
8919
9024
9048
9053
9103
9114
9117
9177
9251
9291
9294
9519
9522
9751
9788
9796
9968
9971
10037
10088
10107
10115
10158
10241
10251
10311
10320
10324
10373
10381
10416
10485
10525
10530
10651
10687
10690
10839
10928
10994
11119
11124
11189
11238
11249
11303
11308
11333
11536
11551
11592
11618
11628
11648
11669
11679
11728
11750
11773
11899
11980
12015
12035
12037
12099
12517
12554
12618
12717
12765
12770
12790
12833
12852
12944
13222
13247
13268
13282
13371
13563
13569
13767
13797
13821
13835
13848
13892
13907
13921
13969
14185
14515
14560
14951
15036
15354
15814
15856
15873
15892
16030
16281
16513
16596
16740
16778
17186
17210
17253
17306
17426
17527
17809
17992
18334
18346
18364
18442
18540
18675
18719
18805
18872
19108
19134
19215
19675
19764
20038
20169
20723
20946
21264
21336
21474
21560
21914
21929
22023
22037
22048
22152
22333
22377
22425
22489
22509
22537
22756
22841
22864
23270
23372
23605
23754
23772
23836
23866
23869
23938
24121
24182
24481
24517
24593
24631
24729
24846
25055
25240
25327
25379
25438
25542
25606
25722
25785
26082
26161
26196
26442
26484
26541
26559
26560
26826
26914
27156
27241
27422
27425
27426
28262
28361
28382
28434
28466
28483
28700
28821
28966
29579
29748
29786
30129
30224
30400
30527
31004
31138
31162
31323
31329
31431
31452
31461
31666
31867
31912
32060
32075
32336
32900
32901
33007
33071
33084
33092
33100
33172
33176
33459
33464
33470
33693
34139
34220
34341
34379
34536
34541
34773
34841
35036
35665
35867
35901
36036
36050
36882
36885
37058
37297
37441
37709
37874
38009
38052
38250
38443
38656
38915
38946
39069
39299
39457
40132
40141
40229
40834
41122
41137
41145
41465
41693
41729
41829
42264
42450
43136
43215
43305
43455
43617
43708
43746
43955
44013
44062
44253
44405
44463
45024
45312
45664
46412
46524
46793
46829
46928
46981
47061
47085
47107
47225
47373
47406
47763
48036
48362
48905
48961
49039
49165
49236
49352
49368
49431
49480
49809
49838
50063
50181
50537
50562
50584
50842
51063
51264
51677
51731
51919
52054
52225
52436
52512
53219
53290
53295
53371
53462
53557
53681
53776
53836
54034
54182
54526
54644
54740
54751
54971
55186
55229
55292
55341
55366
55463
55679
55717
55865
56178
56357
56394
56777
56990
57238
57289
57374
57425
58136
58148
58428
58534
58549
58838
59332
59360
60195
60227
60347
60407
60475
60570
60858
61574
61804
61957
61999
62033
62722
62965
63544
63549
63561
63622
64066
64238
64532
64546
64801
64948
64967
64968
65419
65526
65913
66754
66825
67421
67524
67746
67857
68024
68062
68316
68658
68727
69697
69720
69776
69788
69907
70003
70137
70182
70449
70937
71077
72190
73197
73210
73418
73454
73567
73699
73763
73859
73906
74300
76073
76131
76569
76712
76810
76852
77048
77449
77636
77647
77685
77813
78625
78852
78897
79129
79167
79173
79298
79619
80150
80358
80373
80562
80648
80913
81104
81308
81384
81468
81545
81728
81791
82176
82199
84215
85098
85747
85810
86085
86088
86121
86371
86838
86950
87011
88581
89684
90037
90124
90138
90201
90737
91413
91488
91504
91736
91892
92245
92419
92753
93079
93185
93387
93457
93818
93979
94015
94150
94187
95062
95241
96173
96220
96418
96424
96626
96892
97000
97038
97041
98025
98472
98491
98743
99024
99038
99171
99252
99340
99523
100134
100891
101325
101564
102147
102173
102226
102471
102476
102744
102811
102954
103119
103165
103548
103898
104109
104970
105199
105339
105378
105998
106105
106323
106341
107383
107791
107841
108710
108718
108896
109638
109659
109674
110721
110744
111292
111317
111606
111655
111786
112455
112499
112584
112668
113078
113221
114007
114316
114509
114518
114567
114829
115201
116143
117124
117195
117798
117964
118006
118749
119135
119194
119635
119846
120105
120263
121347
121439
123696
125348
126214
126926
126940
127481
127613
127657
127947
128358
128785
129002
129138
129461
129784
131056
131666
131932
132044
132176
132653
134219
134237
134851
135415
135431
135894
136104
136758
136777
137478
137517
138107
138623
139269
139313
139888
140120
140284
140336
141196
141442
141985
142057
142204
142284
142502
143535
143739
143742
144023
144531
144903
145736
145929
146062
146130
146642
146927
147226
147418
147679
148352
149535
149907
150376
150612
150662
150837
151083
151161
151254
151434
151728
151797
152338
152873
153297
153362
153463
154100
155375
156884
156980
158361
158367
158910
158918
160658
161008
161744
161859
162516
162688
163675
164193
164558
165077
165415
165862
166717
167478
167593
169840
170240
172150
172416
172605
172617
174510
174703
174728
174747
174825
174869
174874
174878
174942
174950
175040
175132
175166
175442
175498
175524
175641
175667
175713
175790
175791
175920
175965
175997
176006
176171
176295
176312
176415
176473
176501
176515
176550
176610
176700
176797
176840
176908
176949
176957
177004
177144
177236
177300
177372
177377
177518
177554
177601
177608
177712
177716
177765
177795
177815
177907
177923
177973
177977
177981
177998
178004
178013
178037
178063
178085
178210
178234
178288
178348
178632
178668
178758
178802
178813
178848
178866
178894
178937
179029
179035
179066
179245
179254
179262
179348
179477
179480
179495
179847
179873
179930
179992
180037
180085
180118
180163
180173
180208
180262
180402
180404
180405
180410
180442
180457
180562
180611
180612
180630
180632
180648
180725
180746
180825
180851
180949
181071
181083
181090
181335
181453
181474
181532
181643
181746
181833
181933
181971
182057
182073
182110
182156
182278
182327
182376
182380
182393
182427
182493
182544
182569
182611
182615
182669
182746
182896
182907
183024
183044
183047
183198
183202
183246
183277
183291
183298
183411
183540
183573
183613
183643
183668
183733
183762
183766
183922
184148
184180
184225
184290
184360
184406
184445
184487
184569
184611
184640
184675
184677
184681
184682
184719
184742
184786
184943
184947
184958
184977
185084
185107
185310
185337
185407
185477
185511
185542
185559
185565
185611
185669
185892
185911
185929
185957
186063
186098
186105
186183
186284
186537
186574
186604
186690
186706
186734
186891
187138
187225
187250
187708
187913
188031
188124
188150
188181
188192
188305
188337
188454
188582
188623
188655
188658
188660
188710
188720
188739
188759
188807
188907
189018
189140
189195
189265
189284
189335
189818
189853
189987
189993
190068
190401
190646
190696
190735
190761
190837
190923
191002
191250
191342
191425
191447
191456
191463
191533
191643
191661
191800
191834
191896
191909
191950
191968
191977
192099
192478
192566
192604
192640
192645
192724
192764
192850
192865
192871
192925
192928
192983
193150
193267
193409
193428
193477
193553
193639
193671
193754
193814
193820
193866
194026
194047
194100
194215
194287
194338
194449
194598
194622
194644
194715
195088
195219
195237
195276
195314
195315
195338
195343
195344
195542
195577
195691
195728
195771
195789
195819
196156
196472
196858
196980
197165
198092
198495
198693
199157
199473
199770
199794
200565
200593
200942
201305
201440
202047
202509
202989
203051
203366
203433
203452
203891
203986
204873
205271
205892
206718
207462
208779
208964
209169
209170
209316
209759
209967
210402
210545
210560
210730
210888
211169
211403
211956
212713
213646
213657
213661
213673
214315
214406
214727
214895
215046
215200
215830
215976
216251
216370
216695
216857
217924
218190
218404
219389
221617
221904
221971
223365
223527
223723
224520
224765
226089
227346
228014
229131
229361
229501
229641
229808
229896
230316
231216
231276
232272
232600
234382
235118
235161
236137
237904
238126
240047
240068
240457
240463
240607
241150
242599
243006
243100
247552
248297
249127
249337
250139
250545
250558
252233
252629
253307
253589
254169
254411
254533
254934
255925
256313
256588
257196
257986
259320
260895
261676
262279
262753
263161
263227
266955
268157
268278
269016
269648
269974
270130
270912
273037
273412
275023
278122
280645
280981
283268
285346
286656
287381
287720
287927
288193
288557
288800
289508
291494
291759
293674
294389
304782
307417
307551
314626
315058
315111
315203
315231
315539
316759
317361
317493
318317
318856
323742
323749
324141
324583
324714
325338
325417
325729
326207
326487
326508
326587
326936
327541
327647
327696
327860
328137
328279
328890
329634
330545
330630
330704
330878
331496
332143
332337
332739
332798
333354
333398
333552
334022
334131
334533
334780
334792
335044
335285
336227
336251
336851
337254
337711
337909
338054
338307
338410
338472
338512
338653
338856
339921
340024
341322
341858
342070
343030
343047
343112
343132
343157
343172
343223
343226
343287
343297
343302
343336
343339
343577
343589
343596
343598
343652
343697
343778
343806
343907
343928
343995
344001
344033
344086
344134
344194
344198
344232
344279
344347
344499
344527
344545
344619
344655
344675
344832
344889
345024
345112
345137
345149
345157
345195
345351
345367
345421
345431
345471
345545
345785
345804
345824
345828
345915
345974
346015
346049
346112
346120
346226
346309
346336
346742
346826
346905
346919
346942
347069
347092
347134
347372
347406
347420
347427
347448
347459
347498
347526
347527
347595
347643
347668
347819
347925
347998
348036
348071
348116
348139
348160
348199
348432
348496
348518
348542
348592
348805
349034
349118
349189
349191
349207
349283
349350
349403
349520
349578
349620
349639
349643
349648
349784
349867
349881
350014
350019
350052
350145
350147
350195
350250
350280
350372
350465
350490
350537
350692
350733
350755
350819
350979
351057
351087
351137
351207
351293
351370
351442
351461
351479
351493
351519
351576
351622
351640
351731
351835
351877
352039
352071
352099
352337
352404
352434
352554
352597
352626
352920
352977
353024
353093
353175
353215
353283
353296
353372
353486
353536
353544
353567
353645
353711
353728
353862
354053
354064
354071
354078
354092
354103
354205
354330
354332
354391
354517
354524
354535
354567
354812
354852
354859
354960
354964
355034
355128
355266
355311
355354
355443
355583
355610
355812
355846
355911
356001
356056
356077
356158
356196
356228
356467
356611
356798
356841
356925
356971
357041
357054
357143
357155
357186
357195
357349
357386
357575
357609
357667
357695
357802
357898
357918
358048
358127
358136
358185
358198
358348
358456
358629
358634
358795
358916
358974
358995
359017
359041
359274
359281
359283
359324
359351
359357
359606
359615
359748
359831
359871
360021
360023
360057
360367
360423
360438
360761
360781
361128
361356
361406
361433
361479
361618
361662
361861
361938
362016
362068
362083
362085
362113
362128
362143
362155
362355
362419
362497
362556
362574
362708
362827
362876
362905
362907
363008
363106
363129
363185
363249
363431
363473
363623
363651
363766
364020
364035
364053
364055
364159
364204
364222
364325
364340
364366
364372
364616
364689
364771
365082
365115
365160
365374
365462
365514
365529
365686
365714
365756
365846
365873
365878
366087
366189
366325
366404
366449
366488
366709
366715
366717
366816
367082
367149
367162
367334
367336
367355
367400
367437
367664
367726
367737
368026
368230
368347
368411
368416
368612
368638
368755
368781
368808
368841
368842
368916
368927
369037
369289
369396
369524
369544
369548
369790
369966
370108
370167
370194
370243
370521
370526
370535
370659
370702
370733
370765
370803
370811
370838
370854
370910
370975
371276
371442
371481
371598
371739
372009
372096
372121
372143
372384
372394
372419
372423
372477
372515
372534
372555
372579
372718
372733
372771
372887
372967
373491
375107
375777
376518
378663
378869
380235
380725
381079
382482
384567
384821
384838
384898
385078
385107
385177
385226
385232
385245
385265
385281
385290
385327
385450
385497
385530
385566
385631
385701
385888
385897
385941
385977
386149
386212
386296
386474
386565
386830
386986
386996
387069
387096
387230
387389
387419
387514
387675
388238
388290
388484
388551
388563
388900
389274
389277
389285
390042
390413
391699
400502
413855
414220
418480
420058
420401
421013
424357
429611
433529
436905
438767
438876
439082
442446
449659
449775
450007
456528
456647
465193
475393
476817
478561
481000
481885
483610
484086
484946
485671
485777
490586
490655
494340
494938
494942
495042
495067
495317
495321
495409
495465
495706
495832
495880
496439
496483
496721
496797
496819
496901
496908
496930
497066
497213
497311
498172
498256
502010
503694
508889
511194
515941
517097
521459
521792
524427
527061
528278
528417
528443
530433
530865
532067
532752
534835
534954
540458
541689
545264
545949
550992
551589
554663
555790
556818
560512
560539
561593
575620
576033
576356
576373
579873
580083
21
149
158
177
209
214
224
299
347
385
426
606
619
620
795
856
1014
1052
1067
1149
1214
1254
1480
1488
1515
1539
1560
1563
1586
1622
1628
1662
1853
1863
2008
2014
2017
2034
2043
2058
2309
2330
2470
2537
2547
2593
2612
2628
2652
2723
2730
2779
2801
2812
2881
2909
2953
2990
2992
3044
3112
3138
3143
3151
3366
3402
3429
3444
3471
3563
3590
3617
3637
3690
3780
3883
3912
4072
4080
4188
4210
4243
4386
4434
4491
4508
4572
4711
4728
4810
4969
5142
5159
5170
5185
5273
5413
5487
5523
5570
5687
5734
5793
5809
5902
5936
5997
6113
6128
6133
6174
6202
6218
6241
6275
6283
6344
6639
6668
6892
6933
7042
7157
7192
7242
7286
7337
7471
7485
7516
7682
7756
7763
7863
7996
8065
8070
8109
8143
8245
8249
8338
8348
8392
8480
8870
9056
9071
9088
9102
9205
9207
9355
9360
9490
9553
9593
9639
9738
9839
9955
9978
10274
10336
10400
10481
10692
10747
10865
10897
10978
11032
11108
11177
11230
11259
11326
11344
11361
11582
11680
11687
11694
11755
11772
11803
11815
11939
12020
12086
12113
12134
12141
12248
12337
12364
12397
12434
12636
12667
12700
12879
12920
12952
12959
13045
13193
13261
13266
13319
13347
13373
13411
13499
13600
13627
13665
13726
13752
13807
13882
14210
14235
14536
14577
14624
14964
15009
15010
15031
15408
15512
15526
15588
15750
15871
15934
15937
16038
16087
16260
16325
16367
16428
16521
16544
16548
16551
16639
16916
16946
16999
17028
17230
17380
17691
17717
17840
17938
18016
18369
19138
19169
19211
19233
19248
19279
19389
19397
19480
19547
19623
20416
20427
20489
20523
20581
20885
20921
21036
21131
21161
21199
21365
21399
21453
21514
21602
21627
21884
21941
21987
22007
22773
22811
23367
23432
23482
23483
23556
23585
23744
23854
23946
23957
24125
24280
24381
24426
24448
24490
24669
24695
24868
25298
25416
25562
25653
25681
25803
25919
25976
26190
26503
26533
26779
26822
26847
26965
27097
27221
27343
27362
27615
28044
28301
28308
28327
28426
28596
28607
28658
28680
28846
28873
28908
28919
28921
28944
29060
29219
30003
30109
30306
30409
30528
30663
30735
31006
31253
31327
31474
31855
31936
32501
32798
32836
32869
32986
33117
33197
33213
33652
33741
33856
34425
34602
34734
34737
34761
34968
35110
35151
35368
35402
35454
35528
35887
36118
36245
36275
36291
36491
36635
36844
37242
37883
38201
38221
38844
38977
38990
39119
39188
39300
39352
39356
39659
39806
39882
40092
40233
40483
40891
41115
41141
42087
42329
42433
42440
42512
42556
42806
43876
43940
43962
44084
44161
44252
44312
44440
44724
44782
44839
44875
44876
44877
44913
44964
45005
45047
45196
45425
45442
45584
45810
45970
45994
46126
46149
46266
46387
46585
46651
46664
46684
46872
46923
47002
47146
47201
47245
47365
