11498
15023
15053
16366
20800
21111
22385
23280
23339
25130
30481
31047
42887
44967
46415
48489
50323
61854
68296
69694
75022
133343
133397
138672
141512
233669
258218
324262
325397
325650
329052
340683
385677
549782
1861
3635
3735
5317
7632
9736
11399
14963
15602
16555
18168
21075
23968
24436
28189
28955
30887
31302
32680
35366
51140
100258
123762
133414
155709
178589
180045
186182
186532
188903
202599
348965
384968
558440
113
405
1030
1975
3599
5112
9424
14133
14184
15584
16128
17782
17998
23628
25089
25185
26184
27311
27434
28111
28290
30382
30410
33089
38827
40612
40637
41714
51433
59678
67979
83461
86480
98631
110362
133248
133284
134880
135891
136369
141059
161315
182793
324105
325079
326596
330372
331556
338966
342096
343418
348322
353705
385806
478359
534314
32
131
1317
4529
4598
5110
7087
7529
9554
10782
12417
12544
14712
16089
16266
16432
16493
17213
21783
23386
25460
27708
29501
33235
58948
64791
72461
74891
75553
80394
93028
135879
161387
177875
249986
276442
314572
325032
327840
331516
332749
350695
352289
359344
385345
385906
2245
2776
3302
3887
4791
6883
8616
8778
9429
14773
17709
19430
19512
22368
22701
23342
23852
25560
26079
26740
29643
31481
35826
43388
46161
46833
51985
53893
58845
63143
97403
122179
133357
139109
150705
151267
177153
191624
202559
315759
333117
340052
350947
381494
386073
521605
543876
850
5292
5665
5983
6264
6332
6738
6891
9163
12483
12916
15342
15691
15862
18012
18819
19166
19457
20165
20578
21376
23120
25962
27019
32082
39637
39641
42080
42309
42548
43628
47975
48001
52572
59783
61698
62406
62778
63159
63321
66227
69079
75948
84910
86613
94785
105610
105996
106129
111159
113372
133192
133363
141634
194016
198358
208091
267573
325171
325572
344352
347545
347810
348815
351042
351201
354320
354509
361184
364737
368639
383511
190
2196
2949
3324
4684
5577
5679
5863
9174
10730
12800
17011
17363
18631
18781
19415
23102
23214
23224
24391
25961
26198
28595
30826
32695
32711
34853
40606
42090
45817
48366
48840
48965
51407
52007
62951
70613
71057
100769
109077
137073
155975
161360
162659
167472
179619
193229
196999
229699
250984
257591
314387
315035
323923
324389
328797
328937
365800
385472
522
951
1518
2366
3131
3140
4263
6570
7089
8074
8946
9128
9428
10208
10355
11018
14227
14445
15083
16672
21815
23910
24000
24299
25526
25766
26101
26372
32389
34624
35081
38205
39229
41144
41241
43079
43602
45246
49003
56363
61401
67476
67863
75596
75967
83299
84729
84994
128963
133352
159043
163185
191936
195502
207770
217784
288651
304492
315233
315440
315499
324715
325047
325195
325297
326247
330151
343784
385233
528997
1074
1909
2080
2217
2413
2654
5349
6268
6471
7140
9063
12606
12766
14169
14869
14978
15314
15651
15808
16489
17655
18435
18729
19708
20533
21222
25174
27372
36709
42288
43475
45195
45957
49255
53030
57233
60197
66716
70519
71131
90762
102752
138910
139764
145840
157853
164699
173006
174911
180120
186517
187740
192308
196497
249762
315311
325914
329111
329433
343290
348840
354147
371800
556054
250
822
1188
2835
2922
6321
6326
8009
11893
12449
13279
13369
14341
14345
14399
14434
16441
16497
