385245
385265
385281
385290
385327
385450
385497
385530
385566
385631
385701
385888
385897
385941
385977
386149
386212
386296
386474
386565
386830
386986
386996
387069
387096
387230
387389
387419
387514
387675
388238
388290
388484
388551
388563
388900
389274
389277
389285
390042
390413
391699
400502
413855
414220
418480
420058
420401
421013
424357
429611
433529
436905
438767
438876
439082
442446
449659
449775
450007
456528
456647
465193
475393
476817
478561
481000
481885
483610
484086
484946
485671
485777
490586
490655
494340
494938
494942
495042
495067
495317
495321
495409
495465
495706
495832
495880
496439
496483
496721
496797
496819
496901
496908
496930
497066
497213
497311
498172
498256
502010
503694
508889
511194
515941
517097
521459
521792
524427
527061
528278
528417
528443
530433
530865
532067
532752
534835
534954
540458
541689
545264
545949
550992
551589
554663
555790
556818
560512
560539
561593
575620
576033
576356
576373
579873
580083
21
149
158
177
209
214
224
299
347
385
426
606
619
620
795
856
1014
1052
1067
1149
1214
1254
1480
1488
1515
1539
1560
1563
1586
1622
1628
1662
1853
1863
2008
2014
2017
2034
2043
2058
2309
2330
2470
2537
2547
2593
2612
2628
2652
2723
2730
2779
2801
2812
2881
2909
2953
2990
2992
3044
3112
3138
3143
3151
3366
3402
3429
3444
3471
3563
3590
3617
3637
3690
3780
3883
3912
4072
4080
4188
4210
4243
4386
4434
4491
4508
4572
4711
4728
4810
4969
5142
5159
5170
5185
5273
5413
5487
5523
5570
5687
5734
5793
5809
5902
5936
5997
6113
6128
6133
6174
6202
6218
6241
6275
6283
6344
6639
6668
6892
6933
7042
7157
7192
7242
7286
7337
7471
7485
7516
7682
7756
7763
7863
7996
8065
8070
8109
8143
8245
8249
8338
8348
8392
8480
8870
9056
9071
9088
9102
9205
9207
9355
9360
9490
9553
9593
9639
9738
9839
9955
9978
10274
10336
10400
10481
10692
10747
10865
10897
10978
11032
11108
11177
11230
11259
11326
11344
11361
11582
11680
11687
11694
11755
11772
11803
11815
11939
12020
12086
12113
12134
12141
12248
12337
12364
12397
12434
12636
12667
12700
12879
12920
12952
12959
13045
13193
13261
13266
13319
13347
13373
13411
13499
13600
13627
13665
13726
13752
13807
13882
14210
14235
14536
14577
14624
14964
15009
15010
15031
15408
15512
15526
15588
15750
15871
15934
15937
16038
16087
16260
16325
16367
16428
16521
16544
16548
16551
16639
16916
16946
16999
17028
17230
17380
17691
17717
17840
17938
18016
18369
19138
19169
19211
19233
19248
19279
19389
19397
19480
19547
19623
20416
20427
20489
20523
20581
20885
20921
21036
21131
21161
21199
21365
21399
21453
21514
21602
21627
21884
21941
21987
22007
22773
22811
23367
23432
23482
23483
23556
23585
23744
23854
23946
23957
24125
24280
24381
24426
24448
24490
24669
24695
24868
25298
25416
25562
25653
25681
25803
25919
25976
26190
26503
26533
26779
26822
26847
26965
27097
27221
27343
27362
27615
28044
28301
28308
28327
28426
28596
28607
28658
28680
28846
28873
28908
28919
28921
28944
29060
29219
30003
30109
30306
30409
30528
30663
30735
31006
31253
31327
31474
31855
31936
32501
32798
32836
32869
32986
33117
33197
33213
33652
33741
33856
34425
34602
34734
34737
34761
34968
35110
35151
35368
35402
35454
35528
35887
36118
36245
36275
36291
36491
36635
36844
37242
37883
38201
38221
38844
38977
38990
39119
39188
39300
39352
39356
39659
39806
39882
40092
40233
40483
40891
41115
41141
42087
42329
42433
42440
42512
42556
42806
43876
43940
43962
44084
44161
44252
44312
44440
44724
44782
44839
44875
44876
44877
44913
44964
45005
45047
45196
45425
45442
45584
45810
45970
45994
46126
46149
46266
46387
46585
46651
46664
46684
46872
46923
47002
47146
47201
47245
47365
47405
47456
47482
47521
47549
47626
47675
47831
47893
48063
48111
48465
48639
48890
49151
49219
49228
49536
49699
49761
50128
50424
50645
50683
51271
51359
51410
51425
51531
51598
51970
52079
52101
52483
52550
52624
52806
53435
53610
53880
54074
54326
54330
54369
54778
54887
54902
54921
54948
54993
55051
55107
55127
55133
55450
55503
55984
56118
56321
56536
56826
56845
56954
57393
57535
57854
57927
58206
58281
58294
58788
58820
59113
59210
59356
59376
59409
59609
59685
59761
59851
59860
59920
60296
60372
60412
60489
60522
60926
60968
60993
61121
61249
61324
61422
61602
61814
61960
62250
62328
62589
62751
62833
62943
63016
63366
63528
64048
64173
64298
64616
64770
65162
65346
65478
65524
65601
65609
65754
66008
66015
66032
66178
66204
66226
66369
66902
66921
66999
67205
67232
67420
67423
67498
67616
67860
67899
67913
68156
68218
68227
68704
68807
68996
69338
70022
70346
70462
70910
70976
71024
71362
71373
71597
72048
72396
72433
72447
72831
73146
73308
73354
73539
73644
74087
74476
74599
74949
75033
75275
75448
75487
75515
75733
75924
76099
76101
76290
76306
76459
76812
76826
76885
77189
77558
77653
77789
78162
78304
78306
78735
78844
78845
78878
79368
79456
79656
79854
80046
80059
80082
80206
80251
80339
80450
80508
80797
81012
81366
81557
81634
81907
81923
82437
82814
83143
83376
83425
83601
83676
83774
83902
83940
84041
84051
84801
85160
85452
85935
86213
86252
86674
87145
87337
87362
87692
87844
87993
88328
88720
88791
88807
88821
88922
89086
89380
89980
90014
90033
90692
90918
90966
91074
91768
91810
92662
92683
92972
93424
93506
93875
93940
94084
94244
94368
94561
94795
95522
96012
96049
96453
96536
96797
96827
96928
96954
97030
97047
97462
97495
97926
98206
98494
98903
99016
99115
99702
99795
99858
100011
100015
100212
100260
100865
101223
101241
101769
101902
101999
102065
102715
102755
102807
102966
103139
103416
103473
103593
103780
104189
104230
104580
104595
104614
104627
105201
105247
105458
105467
105592
105721
105724
105733
105910
106072
106250
106313
106361
106395
106582
106629
107093
107177
107217
107550
107572
107919
108032
108097
108356
109391
109683
109752
109838
109945
109950
110109
111222
111639
112383
112414
112444
112740
113171
113770
114348
114587
114861
114946
115243
115830
115870
115990
116138
117007
117817
118267
119572
119870
119991
120060
120119
121123
121910
122886
122972
123074
123095
123972
124685
124739
125629
126569
126650
126893
127126
127514
127912
128076
128799
129184
129440
129480
130448
130585
130994
131183
131536
131848
131927
132198
132878
133475
133938
134550
134723
135187
135477
135478
135659
135913
137463
137809
137862
138141
138326
138373
139028
139218
139243
139519
139877
141087
141693
141926
142617
142943
143021
143373
144129
144286
144364
144714
145001
145072
145393
145666
145848
146052
146340
146564
146734
146892
147236
147565
147592
148011
148107
148177
148241
148501
148680
149297
149520
149645
149720
150054
150158
150177
150452
150633
150731
150952
150998
151210
151373
151637
151872
151892
152209
152629
153118
153134
153743
153899
154875
154883
154944
155167
155303
155325
155360
155518
155526
155742
156197
156228
156547
158193
159031
159283
159692
159771
159849
160619
161667
163065
163192
163225
163837
164366
164625
164744
164856
165096
165160
165510
165979
166149
166337
166346
166481
166746
167595
167963
168200
168433
168576
168951
169514
169523
169837
169857
170736
170986
170993
171289
171527
171637
171774
172272
173124
173210
173906
174287
174771
174820
174890
174925
175028
175093
175112
175214
175437
175487
175490
175539
175586
175672
175686
175890
175906
176125
176139
176188
176205
176206
176266
176460
176611
176687
176835
176861
177162
177185
177223
177262
177305
177401
177449
177485
177702
177921
177970
177972
178075
178132
178172
178191
178343
178406
178443
178445
178447
178465
178592
178683
178784
178832
178902
179037
179110
179323
179443
179502
179647
179648
179787
179977
180094
180121
180178
180187
180201
180238
180285
180406
180483
180666
180736
180753
180769
180952
180973
181099
181148
181153
181177
181294
181343
181388
181519
181534
181538
181578
181601
181612
181656
181659
181793
181986
182061
182120
182295
182541
182592
182625
182645
182778
182782
182869
182957
183022
183085
183250
183253
183351
183451
183466
183531
183593
183672
183783
184010
184146
184339
184391
184399
184427
184465
184793
184972
185013
185119
185134
185263
185400
185437
185550
185562
185674
185969
186227
186365
186462
186542
186563
186580
186750
186799
186810
186838
187031
187191
187314
187748
187929
187958
188017
188197
188250
188355
188382
188412
188577
188629
188641
188685
188708
188724
188893
188938
189019
189045
189058
189088
189154
189305
189347
189658
189754
189826
189861
189946
190209
190211
190333
190368
190489
190759
190775
190862
190943
190982
191084
191136
191302
191360
191384
191414
191437
191554
191602
191636
191679
191732
191774
191785
191788
191820
191901
191917
192009
192024
192399
192423
192503
192668
192911
193051
193159
193265
193293
193297
193311
193380
193516
193545
193587
193626
193628
193788
193821
193910
193914
193926
193979
194020
194082
194197
194584
194700
194728
194769
195013
195165
195389
195688
195846
195861
195881
196456
196513
197495
197597
198837
200156
200639
201370
201525
201589
201755
202785
203237
203540
204318
204391
204771
204807
205169
205236
205545
205876
206311
206643
209089
209282
209520
210159
210209
210212
210459
210532
210626
210777
211264
211267
211444
211485
211574
212576
212871
213223
213301
214152
214514
214757
214915
215008
215285
215779
216042
216521
216569
216907
217151
217457
217516
217895
218167
218236
218339
218425
218536
218891
218922
219439
220516
221373
221857
221903
221948
222587
223228
223255
224110
225180
225712
225955
226027
226040
226757
227039
227182
227432
227481
227869
227981
229296
229545
230289
230588
230640
232135
232203
232363
232374
234108
234414
235792
235913
237048
237201
237329
238836
238858
238932
241164
241321
241593
243063
243463
243687
244331
244416
245539
245792
246192
246924
248543
249165
249778
251485
251989
252092
252648
252757
254425
255487
257686
257788
258265
258994
260433
261055
265297
265332
265814
267163
267999
269103
269606
270032
270481
270508
271036
271124
273314
273965
273985
274220
274473
274982
275665
276405
278370
281201
282882
283291
283602
283734
284149
284605
284722
284726
286713
287438
287546
287861
288948
289457
290364
290832
291116
291119
291169
291963
292685
294122
294511
295034
296974
297756
300622
303347
305631
306575
306860
306919
307047
308221
312518
313622
314453
314813
315051
315074
315172
315301
315320
315873
316307
316333
317759
318439
318679
319076
319099
323642
324150
324159
324505
325041
325097
325156
325281
325548
325561
325687
325916
326053
326663
326751
326918
326957
327327
327393
327817
328311
328357
328931
328943
329120
329181
329410
330067
330843
331403
331494
331839
332055
332069
332186
332633
332756
332819
333007
333506
333681
333687
334031
334200
334321
334493
334595
334732
334879
334915
335093
335370
335391
335428
335483
335866
335948
336837
337131
337319
337332
338025
338135
338292
338329
338418
338437
338508
338665
338791
338831
339023
339138
339524
339664
339801
340039
340380
340863
341137
341152
341829
341830
341896
341945
342587
342783
343263
343735
344203
344894
345227
345834
345914
345966
346387
346707
346946
347111
347243
347693
347999
348500
348999
349270
349486
349517
349710
349731
349846
349885
350325
351172
351394
351574
351659
351680
351693
351799
352269
352309
352652
352678
353440
353885
353993
354035
354070
354225
354337
354970
355185
355856
356023
356070
356402
358005
358682
359201
359332
360862
360989
361554
361793
362464
362998
363107
363338
363601
364072
364087
364298
364486
365785
365893
367184
367675
368880
369007
369536
369560
371012
371294
372280
372581
372606
372775
375443
376725
377951
379334
379698
383514
383902
384416
384854
384911
384938
384954
385021
385040
385094
385157
385195
385235
385257
385377
385660
385698
385792
385798
385822
385849
385853
385914
385932
385963
386082
386231
386346
386437
386446
386495
386851
386885
387066
387238
387321
387328
387578
387644
387648
387658
387840
387968
388371
388548
388570
388589
388872
388944
389188
389383
389767
389769
391949
393724
397902
398436
405266
412564
413010
413301
413809
414454
414623
415521
418659
420081
422541
423864
424820
425092
431226
433414
433789
434465
436639
439785
440474
441489
444678
444757
445878
448429
448444
448790
449201
449489
450261
452737
453265
455174
457461
463313
468543
468547
474156
474715
475394
475524
476584
476827
476871
477027
479246
480262
480613
480657
481079
481134
481147
481669
484652
485922
486105
486395
486454
488658
490269
490710
490799
495343
495623
496520
496715
497641
499353
499446
499998
503514
504962
506121
506279
507753
508472
508966
515163
516048
521212
524644
528728
529265
529893
530920
531532
531954
532888
533691
535587
535953
537038
539544
540533
541195
541504
545092
545944
546046
546076
548274
550757
550826
554282
556628
558680
559760
560301
561441
561718
562842
562969
567810
571810
575250
576275
576943
579612
579687
579796
580247
580320
25
66
95
150
156
176
212
228
247
314
315
360
423
453
468
557
587
766
785
789
1063
1066
1160
1323
1324
1360
1379
1429
1439
1448
1531
1534
1609
1641
1699
1786
1825
1893
1913
1926
1944
1946
1955
2055
2239
2321
2331
2389
2420
2463
2467
2498
2506
2653
2701
2869
3078
3084
3108
3148
3189
3198
3232
3234
3262
3380
3552
3576
3602
3663
3683
3783
3815
3968
4058
4061
4088
4137
4444
4532
4674
4703
4710
4797
4853
4994
4997
4999
5016
5177
5315
5364
5366
5388
5416
5500
5510
5532
5541
5770
5837
5868
5901
6164
6183
6196
6204
6340
6481
6483
6561
6593
6702
6718
6730
6736
6798
6840
6845
6846
6902
6948
6961
6977
6993
7098
7260
7322
7339
7373
7407
7456
7458
7462
7469
7504
7547
7582
7606
7721
7765
7791
7834
7898
7931
7958
7966
8238
8269
8333
8356
8397
8401
8449
8561
8585
8589
8704
8725
8768
8941
8987
9077
9090
9093
9111
9191
9243
9262
9283
9345
9421
9625
9872
9897
9903
9919
9953
9984
10022
10078
10080
10081
10134
10212
10233
10235
10357
10361
10370
10428
10443
10526
10592
10598
10602
10604
10628
10691
10722
10744
10766
10773
10776
10794
10809
10847
10856
10857
10941
10942
11013
11017
11093
11162
11170
11241
11283
11327
11354
11363
11421
11456
11520
11526
11606
11629
11692
11736
11860
11977
11983
12017
12050
12133
12228
12378
12490
12534
12675
12677
12711
12780
12816
12885
12947
12977
13089
13161
13205
13246
13341
13370
13424
13437
13513
13533
13619
13744
13746
13879
14006
14027
14102
14461
14530
14594
14643
14719
14723
14812
14971
15019
15098
15292
15363
15444
15482
15545
15561
15575
15697
15793
15830
15840
15846
16280
16518
16561
16608
16646
16651
16668
16760
16996
17109
17254
17376
17592
17720
17727
17807
17835
17879
17927
18184
18228
18376
18517
18828
18987
19148
19287
19372
19613
19763
19780
19898
19900
19915
19943
20102
20223
20281
20296
20315
20336
20524
20616
20842
20892
21002
21055
21062
21118
21149
21281
21282
21496
21535
21576
21578
21828
22175
22226
22302
22416
22463
22466
22488
22511
22632
22743
22906
23039
23054
23207
23213
23229
23263
23411
23444
23539
23882
23996
24066
24215
24314
24339
24503
24543
24553
24617
24649
24724
24746
24839
24897
24921
25278
25330
25446
25619
25770
25904
25929
25971
26008
26049
26247
26375
26389
26390
26547
26673
26754
26954
27008
27176
27233
27306
27400
27474
27530
27672
27692
27722
27829
28060
28228
28322
28474
28584
28673
28792
28859
28962
29017
29078
29204
29210
29522
29593
30142
30300
30682
31027
31035
31057
31228
31360
31434
31483
31767
31891
32146
32156
32158
32357
32729
32730
32767
32797
33091
33342
33428
33437
33548
33765
33927
33978
34000
34349
34365
34423
34552
34627
34639
34856
34999
35001
35391
36092
36498
36560
36861
36891
36956
37014
37086
37331
37658
37718
38025
38097
38252
38333
38343
38522
38719
38895
38937
38970
39093
39211
39456
39585
39940
39949
39967
40027
40249
40690
40744
40757
40864
40970
40973
41027
41095
41166
41251
41277
41371
41758
41824
42047
42065
42072
42149
42310
42385
42602
42781
42877
42954
42979
43068
43329
43793
43873
44058
44091
44201
44227
44238
44615
44719
44763
44917
44986
44990
45109
45126
45180
45225
45449
45474
45521
45640
45827
46016
46118
46204
46343
46397
46436
46606
46629
46775
46980
47000
47374
47378
47418
47529
47956
48234
48657
48680
48734
48737
48789
48885
49106
49211
49233
49258
49418
49429
49588
49679
49810
49841
50001
50175
50333
50361
50371
50607
50659
50668
50881
51199
51300
51328
51632
51705
51723
51991
52119
52250
52482
52672
52853
52864
53001
53311
53460
53488
53794
53899
53910
53929
53997
54019
54060
54981
54997
55020
55347
55387
55577
55674
55839
55923
55966
56217
56272
56478
56491
56584
56590
56700
56785
56811
56822
56908
56975
56992
57057
57059
57180
57206
57296
57301
57351
57447
57577
57580
57725
58082
58745
58892
58999
59016
59045
59063
59070
59313
59319
59368
59593
59674
59687
59820
59852
59894
60162
60342
60381
60455
60559
60811
61499
61708
61849
62013
62032
62178
62246
62402
62459
62916
62956
63017
63104
63372
63436
63469
63763
63839
63854
63963
64037
64135
64226
64241
64262
64310
64665
64745
64870
65081
65393
65398
65462
65472
65634
65759
65897
66055
66115
66294
66313
66446
66631
66733
66843
67310
67611
67806
67878
68107
68618
68637
68775
68825
68992
69007
69043
69167
69394
70131
70162
70236
70317
70528
70669
70672
70760
70885
71054
71170
71329
71444
71491
71759
71793
71807
72039
72273
72520
72536
72746
72828
72903
72963
72974
73122
73161
73680
73683
73766
73916
73926
73960
74081
74246
74678
74995
75286
75391
75508
75665
75724
76006
76293
76443
76549
76672
76818
77220
77292
77510
77602
77650
77836
78012
78092
78113
78219
78256
78293
78467
78551
78564
78715
78737
79183
79447
79536
79573
79842
79872
79897
80006
80145
80257
80380
80408
80523
80559
80596
81014
81053
81125
81441
81444
81471
81494
81529
81541
81735
81808
81873
81908
82839
83182
83282
83636
84128
84276
84290
84420
84462
84814
84815
84850
85037
85247
85457
85997
86086
86403
86409
86515
86662
86839
86885
86983
87004
87109
87242
87292
87542
87865
87896
88090
88277
88512
88548
88872
89394
89834
90039
90128
90531
90776
90818
90999
91064
91079
91282
91771
91793
92413
92465
92617
92622
92871
93124
93214
93245
93782
93815
93948
94170
94394
94502
94617
94620
94803
94849
94965
95075
95091
95484
95516
95539
95630
95726
95822
96379
96391
96579
96682
96806
96998
97283
97320
98019
98672
98749
98845
98906
98931
98939
99079
99152
99323
99327
99480
99555
99813
100168
100171
100428
100466
100608
100689
100698
101161
101188
101630
101637
102102
102172
102245
102586
102650
102848
102875
103073
103127
103217
103274
103393
103484
103590
103679
103817
103873
104156
104454
104620
104785
104902
105173
105272
105396
105445
105460
105891
105926
106202
106518
106524
106550
106804
106873
107009
107103
107331
107389
107447
107586
107968
108162
108279
108376
108432
108488
108512
108663
108675
109181
109210
109666
109753
109790
109984
110037
110501
110735
110900
110935
111043
111093
111265
111307
111367
111443
111513
112442
112884
113039
113392
113612
113676
113738
113823
114772
115155
115159
115280
115318
115363
115561
115567
115700
115943
116058
116235
116418
117453
117788
117792
117998
118027
118275
118795
118852
118874
119026
119364
119746
119839
119847
119855
120227
120391
120663
120914
122854
122966
123156
123359
123518
123602
123719
123729
124358
125114
125312
125631
125696
126056
126057
126094
126124
126185
126228
126618
126699
126718
126721
126793
126880
127024
127101
127124
127242
127332
127731
127792
128091
128101
128203
128222
128394
128900
128942
129078
129119
129163
129333
129890
130049
130552
130820
131058
131062
131255
131398
131432
131934
131970
132933
133049
133217
133590
133634
133780
133807
133820
133862
134859
134870
135269
135740
135786
135836
135864
135900
136097
136255
136427
136575
136624
136993
137866
138080
138130
138643
138876
139085
139100
139199
139290
139304
139310
139708
139742
139967
140152
140378
140859
140968
140984
141049
141148
141646
141704
142190
142605
142744
143049
143474
143613
144055
144343
144428
144473
144972
145067
145260
145589
145803
146324
146861
147017
147642
147960
148474
149162
149253
149577
149682
149752
149894
150005
150052
150216
150412
150482
150613
150831
151403
151432
153229
153377
153394
153411
153448
154563
155171
155179
155552
155839
156100
156130
156199
156230
156323
156608
156654
156783
157247
157411
157495
157799
158894
158954
159069
159119
159435
159616
159619
159919
160019
160282
160779
161297
161320
161339
161451
161580
161676
161822
162040
162699
163208
163485
163665
163923
164160
164649
164698
165497
165715
166495
167109
167318
167418
167877
168097
168329
168714
168749
168861
169234
169273
169352
169561
170519
170557
170560
170768
171097
171286
171554
171625
172262
172527
172710
172774
172910
173172
173362
173452
173540
173545
173655
174434
174455
174738
174754
174907
174960
175011
175041
175201
175250
175474
175685
176039
176138
176187
176220
176576
176620
176874
177096
177188
177226
177254
177273
177421
177498
177606
177694
177742
177836
177859
177876
177900
177908
178127
178145
178291
178359
178449
178624
178774
178792
178804
178834
178880
178915
178990
179011
179067
179109
179127
179178
179273
179343
179470
179611
179650
179703
179834
179889
179891
179949
180110
180119
180133
180199
180388
180439
180498
180585
180824
180878
181110
181202
181230
181390
181800
181846
181968
182113
182321
182340
182502
182571
182861
183036
183274
183284
183310
183492
183512
183547
183664
183684
183699
183826
183837
183838
183883
183956
184022
184047
184101
184213
184259
184353
184457
184563
184751
184760
184901
185235
185238
185368
185533
185556
185557
185614
185917
185961
186062
186099
186157
186322
186414
186466
186515
186530
186668
187022
187249
187351
187792
187842
187906
187918
188028
188162
188261
188269
188405
188415
188521
188597
188811
189001
189027
189177
189194
189373
189560
189755
190006
190194
190293
190575
191129
191235
191354
191489
191564
191599
191684
191704
191730
191735
191811
191858
192015
192234
192264
192273
192305
192381
192563
192593
192669
192681
192739
192880
192946
192958
192998
193028
193165
193166
193260
193424
193520
193599
193710
193738
193782
193850
193888
193992
194003
194059
194090
194249
194306
194339
194349
194354
194412
194471
194474
194483
194786
194843
194953
195090
195095
195266
195469
195493
195508
195597
195614
195680
195704
195729
195745
195755
195783
195818
195824
195839
195842
196029
196392
196423
196519
196658
196781
196958
197099
197213
197949
198411
198635
198943
199244
199260
199551
200015
200236
200311
200463
201151
201706
202580
202681
203242
203766
203793
203837
203861
203886
203894
203911
203992
204013
204906
205744
205878
205973
206015
206284
206549
206587
206617
206920
206941
207743
208020
208239
208763
209376
209886
210270
210398
210641
210855
211143
211946
212134
212460
212467
212497
212597
212663
212762
212830
212853
213113
213389
213569
213593
213634
213834
213938
213946
214401
214871
214949
214995
215538
215540
215782
215989
216137
216381
216541
216613
216905
216932
217001
217730
217733
217825
218395
219000
219042
219503
219547
220087
220123
220220
220271
220357
220955
221012
221035
221160
221565
221585
221590
222213
222538
222699
224341
224986
225008
225331
225742
225778
225904
225909
226428
227016
227209
227293
227483
227796
227910
228145
228372
228442
229092
229255
229308
229890
230291
230311
230389
230613
231295
231324
232434
232484
233399
234056
235248
235315
235441
236488
236701
236869
237351
237588
237937
237970
238052
238585
239231
239365
239387
239589
239745
240096
240152
240282
240329
240529
240949
242611
242700
242930
243147
243318
243352
243457
243888
243990
244207
244256
244509
245991
246144
246543
246800
246840
247560
247799
247819
247961
248171
248180
248531
248544
248591
248750
248949
249153
249298
249617
250385
250438
250758
250900
251766
252093
252365
252524
252664
253153
253185
253559
253834
253873
254500
254637
255211
255332
255472
255956
256085
256152
256314
256351
256707
256810
257445
258032
260465
261247
261700
262024
262850
263191
264188
264483
264715
265048
265534
265679
265755
266353
266613
267269
268801
268895
269544
269729
270340
270396
270671
270817
271046
272851
274147
275266
276103
276619
276644
276988
277458
277553
278290
278504
279106
279120
279168
279862
280333
281054
282544
284812
284923
286612
287191
287867
287907
288163
288284
289448
289659
289816
290052
290056
291112
292207
292284
293521
293661
293774
294200
294525
294671
294682
295324
296543
296757
297229
297479
298050
298132
298565
298714
298886
299482
300120
300675
300679
301162
301882
302789
303128
303487
303721
305359
305423
305768
306045
307230
307330
307524
307808
308400
308922
309085
309099
309694
309749
314075
314282
314301
314493
314869
315029
315187
315293
315529
315587
315807
316365
317884
317928
323843
324131
324171
324367
324416
324488
324895
324924
324979
325038
325073
325130
325368
325653
325739
325778
325930
325936
326042
326365
326411
326525
326654
326852
326893
326910
327038
327059
327458
327627
327630
327773
327893
327941
327976
328043
328065
328210
328686
328859
329101
329179
329311
329323
329546
329568
329918
330118
330162
330649
330820
331001
331121
331243
331706
331734
332073
332088
332129
332303
332658
332675
332986
333175
333383
333893
333923
333986
334210
334573
334623
334763
335432
335476
335487
335756
336405
336511
336681
336846
336891
336954
337127
337143
337242
337326
337459
337949
338039
338171
338178
338200
338231
338294
338507
338594
338636
338957
339030
339040
339261
340342
340531
340699
340818
340925
341184
341225
341234
341547
341832
341981
342088
342189
342258
342727
343017
343097
343100
343369
343682
343842
343845
343860
343998
344020
344320
344349
344357
344752
344776
344888
344892
345047
345249
345370
345881
345969
346096
346246
346272
346527
346561
346861
347216
347272
347284
347287
347366
347426
348006
348042
348174
348188
348317
348350
348788
348880
349152
349206
349217
349460
349543
349726
349792
350171
350196
350251
350263
350496
350634
350865
350905
351024
351030
351490
351551
351560
351562
351605
351772
351960
352103
352123
352139
352189
352273
353272
353658
353706
354200
354304
354394
354495
354596
355057
355577
355681
355693
355907
356064
356365
356602
356782
357100
357204
357878
358308
358324
358325
358440
358545
358760
358943
359119
359349
359864
359975
360050
360286
360434
360437
360482
360501
360788
361345
361527
361985
362006
362018
362516
362636
362910
362989
363065
363074
363319
363371
363471
363487
363773
363787
364145
364312
364401
364411
364761
365175
365182
365187
365414
365729
365906
365970
366672
366958
367121
367205
367585
367856
368191
368349
368590
368611
368876
369405
369670
369823
369865
369923
370016
370289
370415
370498
370516
370546
370555
371389
371668
371754
371824
371861
371875
372358
372531
372614
372703
372755
372800
373577
373828
373868
374119
377400
379305
380007
380336
380979
381439
382606
382852
383497
383740
384996
385001
385009
385104
385106
385153
385229
385277
385296
385305
385336
385414
385473
385480
385503
385574
385588
385695
385703
385726
385867
385898
385974
386014
386015
386097
386118
386425
386478
386498
386499
386612
386725
386787
386809
387009
387073
387183
387191
387308
387366
387536
388039
388244
388284
388331
388491
388931
389047
389196
389244
389469
389498
390919
390961
398490
402535
412222
413302
414112
414252
414742
415907
416092
418887
421318
421581
422794
423100
423570
425250
425781
425919
426723
427670
428769
431257
432110
433792
433939
436641
440013
440963
444401
448187
448254
448675
448846
449192
449854
452412
452874
454512
454631
455578
457750
458464
462924
466745
467999
474267
474681
474828
475037
475223
475333
475781
475890
475945
476362
477536
477542
478070
479750
479763
479961
481027
481054
481070
481312
481745
481793
482359
482454
482873
483555
483611
484089
485277
485384
486066
486829
487101
490380
493399
493860
493915
493936
494101
494395
495129
495143
496667
497050
497103
497320
497432
497546
497620
497895
498178
498871
499402
499525
500216
500374
500720
500868
504444
506324
507703
507893
508772
508853
508893
511327
512158
512681
512731
515034
516783
521345
522076
525684
525883
526017
526404
528194
528730
528914
529066
529187
530775
532437
532918
536502
536886
537369
537453
537496
537784
539859
541414
541505
542209
544969
545305
547756
548849
549436
552170
552260
552542
556235
556727
557233
557618
558590
558668
560347
562586
563096
563911
564586
565105
570640
570885
570893
573252
576458
579660
579661
579780
579835
579839
579983
51
76
159
175
284
290
330
357
382
406
417
418
440
472
492
550
558
682
716
772
836
852
887
944
946
970
1023
1027
1044
1075
1086
1101
1127
1171
1229
1247
1269
1318
1335
1340
1345
1382
1386
1415
1441
1450
1487
1548
1550
1551
1575
1579
1594
1610
1674
1736
1769
1798
1813
1827
1910
1963
1968
1972
2001
2025
2030
2037
2047
2049
2091
2202
2220
2306
2414
2483
2553
2590
2617
2624
2626
2657
2658
2665
2724
2753
2757
2762
2763
2766
2787
2790
2799
2846
2883
2891
2923
2978
2994
3014
3064
3106
3111
3174
3196
3211
3242
3307
3314
3347
3355
3364
3393
3426
3467
3516
3523
3548
3565
3592
3594
3612
3624
3640
3650
3667
3669
3676
3682
3740
3758
3759
3779
3803
3806
3823
3847
3860
3882
3889
3966
3972
3996
4130
4158
4160
4169
4223
4234
4250
4279
4307
4309
4376
4448
4524
4642
4682
4735
4753
4755
4756
4777
4799
4893
4917
4968
5009
5015
5083
5109
5183
5193
5195
5245
5254
5259
5272
5294
5319
5329
5331
5375
5395
5396
5435
5441
5454
5517
5538
5544
5584
5663
5667
5727
5772
5849
5855
5873
5963
5980
5981
6021
6028
6077
6078
6082
6084
6117
6123
6144
6252
6294
6298
6312
6314
6381
6396
6441
6463
6472
6475
6497
6547
6596
6640
6646
6647
6669
6713
6724
6748
6780
6796
6799
6811
6999
7057
7085
7120
7165
7202
7217
7224
7249
7270
7301
7314
7319
7345
7371
7408
7423
7434
7494
7495
7505
7511
7570
7573
7621
7631
7672
7739
7745
7750
7779
7786
7794
7804
7866
7923
7978
7992
7998
8032
8054
8080
8098
8138
8156
8176
8224
8240
8262
8275
8279
8310
8428
8484
8543
8548
8551
8581
8637
8731
8760
8761
8767
8809
8821
8832
8841
8893
8948
8976
8978
9049
9052
9095
9158
9164
9170
9186
9233
9252
9263
9367
9382
9383
9469
9472
9482
9610
9612
9649
9749
9773
9809
9823
9834
9841
9849
9859
9890
9921
9983
10026
10064
10119
10145
10213
10230
10261
10296
10297
10384
10436
10445
10482
10510
10568
10570
10578
10581
10582
10585
10614
10616
10656
10678
10703
10757
10774
10779
10828
10859
10907
10910
10911
10921
10930
10932
10991
11011
11046
11059
11081
11144
11248
11265
11285
11295
11309
11319
11346
11353
11374
11387
11394
11413
11415
11425
11471
11517
11586
11602
11604
11663
11685
11806
11833
11891
11902
11940
11941
11956
11989
12002
12024
12053
12110
12111
12147
12171
12174
12188
12191
12198
12208
12259
12301
12307
12333
12348
12380
12392
12405
12437
12439
12456
12482
12538
12549
12555
12563
12615
12621
12660
12709
12719
12737
12776
12789
12799
12809
12848
12853
12861
12863
12866
12871
12874
12986
13024
13095
13214
13227
13301
13346
13355
13358
13384
13390
13415
13507
13543
13550
13625
13645
13705
13711
13737
13747
13760
13791
14019
14071
14110
14152
14241
14284
14367
14380
14426
14510
14898
14902
14939
15100
15136
15141
15185
15217
15411
15509
15627
15708
15816
15858
15885
15980
16011
16112
16153
16173
16175
16402
16600
16657
16753
16784
16839
17013
17087
17179
17184
17197
17245
17272
17374
17424
17425
17492
17690
17713
17901
17902
18090
18306
18394
18665
18754
18779
18952
19034
19463
19482
19644
19718
19745
19773
19795
19807
19998
20058
20164
20235
20284
20323
20388
20397
20447
20584
20648
20737
21048
21073
21092
21126
21219
21269
21456
21546
21645
21735
21789
21859
21903
21917
21923
21984
22111
22157
22233
22359
22363
22370
22372
22555
22578
22870
23022
23055
23272
23297
23335
23650
23679
23760
23763
23781
23829
23871
23989
24031
24035
24064
24107
24312
24331
24627
24648
24890
25025
25062
25114
25146
25184
25404
25468
25524
25664
25697
25699
25789
25831
25908
26027
26041
26046
26055
26106
26233
26332
26339
26382
26383
26579
26586
26878
26898
27040
27045
27162
27208
27231
27278
27383
27419
27447
27558
27584
27665
27771
27787
27831
27867
27906
27907
28280
28369
28395
28425
28439
28467
28495
28505
28647
28738
28758
28965
29027
29116
29119
29454
29514
29603
29684
30014
30130
30271
30346
30411
30717
30758
30886
31102
31148
31304
31392
31451
31457
31528
31564
31584
31691
31749
31751
31771
31775
31906
32276
32584
32622
32640
32732
32983
33158
33202
33267
33455
33544
33618
33626
33862
34018
34527
34614
34711
34963
35027
35136
35209
35349
35548
35733
35745
35847
35857
35978
36038
36043
36113
36343
36728
36812
36881
36938
37097
37143
37153
37338
37363
37643
37694
37918
38112
38363
38585
38932
38944
39171
39232
39294
39339
39606
39935
39950
40021
40074
40295
40402
40462
40499
40504
40521
40683
40798
40908
41067
41403
41604
41607
41664
41705
41778
41974
42083
42187
42292
42489
42494
42575
42699
42880
42919
42928
42999
43090
43223
43337
43354
43416
43418
43441
43471
43472
43522
43900
43959
43987
44039
44081
44150
44202
44401
44627
44930
44943
44991
45078
45322
45394
45518
45659
45822
46023
46026
46152
46177
46203
46505
46507
46525
46614
46797
47286
47400
47422
47499
47540
47570
47582
47590
47592
47732
47793
47973
48156
48252
48261
48280
48301
48393
48457
48490
48554
48681
48686
48688
48813
48859
48920
49164
49372
49447
49473
49606
49665
49917
50060
50345
50616
50620
50678
50875
50905
51107
51268
51383
51905
51979
52071
52126
52229
52338
52362
52366
52463
52731
52889
52898
52960
52992
53027
53093
53178
53484
53877
53920
53949
54103
54206
54421
54462
54627
54634
54672
54830
54851
54884
54905
54945
55044
55103
55147
55252
55274
55432
55519
55632
55639
55651
55660
55905
55958
55969
56140
56208
56233
56239
56253
56786
56942
56957
57071
57369
57375
57396
57399
57650
57684
57904
57940
58021
58074
58141
58151
58161
58217
58421
58555
58619
58681
58783
58825
59152
59190
59192
59342
59364
59410
59433
59702
59877
59890
60078
60183
60188
60252
60258
60534
60620
60754
60778
61088
61323
61333
61376
61379
61425
61451
61532
61683
61769
61833
61852
61905
62083
62120
62379
62700
62707
62745
62780
62917
63176
63198
63230
63244
63248
63378
63492
63627
63842
63889
63971
63994
64000
64172
64184
64240
64533
64578
65492
65522
65723
65823
65898
65899
66164
66197
66443
66600
66602
66606
66722
66937
66954
67025
67190
67294
67297
67391
67539
67543
67664
67728
67823
67826
68123
68471
68554
68631
68673
68677
68876
69010
69169
69172
69241
69321
69437
69741
69811
69857
69920
70101
70132
70213
70341
70351
70534
70535
70559
70785
70850
70989
71039
71150
71167
71192
71420
71421
71516
71525
71701
71757
71916
71923
72101
72160
72458
72553
72616
72631
72713
73423
73583
73640
73757
74070
74267
74359
74399
74627
74637
74888
74911
75093
75135
75178
75353
75379
75574
75797
75827
75835
75958
76020
76054
76218
76641
76669
76921
77003
77251
77858
78005
78046
78048
78068
78080
78207
78227
78414
78511
78569
78578
78764
79579
79610
80181
80273
80471
80548
80741
80767
80827
81023
81071
81158
81391
81429
81534
81825
81837
81849
81921
82006
82134
82395
82443
82603
82683
82758
83369
83508
83734
83830
83879
83929
83982
84044
84068
84209
84328
84452
84484
84883
85158
85622
85816
86111
86131
86245
86293
86349
86592
86717
86723
86823
86836
87125
87226
87255
87349
87392
87584
87659
87706
88261
88645
88661
88780
88848
88927
89049
89139
89324
89620
89899
90097
90163
90199
90218
90565
90885
91194
91249
91373
91655
91725
91819
91876
92209
92416
92479
92555
92654
93078
93259
93280
93336
93361
93650
93788
94162
94226
94564
94637
94664
94726
94808
94949
95001
95214
95384
95454
95724
95806
96213
96309
96361
96423
96505
96647
96688
96784
96823
96867
96972
97105
97552
97573
97839
97861
98332
98643
98853
98890
98970
99056
99454
99677
99706
99758
100033
100235
100310
100637
101117
101152
101169
101234
101434
101699
101787
101808
102171
102259
102315
102591
102784
103053
103118
103662
103718
103768
103797
103802
103806
103836
103847
103975
104346
104552
104707
105035
105087
105155
105801
105866
105884
106144
106413
106425
106450
106610
106655
106658
107369
107564
107675
107706
107740
108210
108344
108368
108572
108587
109003
109059
109151
109762
109878
109907
110093
110195
110286
110715
110731
110743
110783
110789
110967
110977
111057
111121
111153
111220
111228
111607
111627
111866
111941
112110
112116
112135
112184
112275
112398
112406
112438
112642
112691
112741
113144
113378
113397
113687
113802
113843
114037
114302
114605
114615
114790
114999
115110
115187
115285
115334
115367
115461
115477
115530
116265
116415
116430
116674
116971
117056
117324
117356
117615
117624
117707
117767
118352
118357
118447
118966
119109
119197
119474
119564
119762
119857
120013
120170
120466
120678
120887
121509
121601
122248
122353
122591
122959
123463
123732
123866
123876
123923
124069
124093
124185
124280
124322
125148
125412
125509
125765
125905
125943
126061
126181
126332
126507
126550
126576
126779
126836
126857
126970
127162
127194
127226
127238
127348
127459
127656
127660
127774
127781
127993
128040
128047
128082
128098
128325
128580
128704
128907
128974
129140
129205
129677
129719
129720
130468
130914
131119
131128
131769
131778
131912
132169
132268
132302
132742
132930
133052
133107
133286
133465
133496
133503
133531
133961
134014
134151
134376
134432
134460
134570
134661
134838
134858
134932
135145
135201
135316
135458
135509
135644
135833
136073
136101
136264
136357
136418
136750
136780
137271
137325
137951
137996
138091
138126
138221
138370
138494
138768
138785
138878
138883
138902
139239
139343
139768
140100
140148
140209
140413
140427
140648
140761
140807
140818
141038
141458
141531
141692
141867
142423
142488
142771
142913
142933
142984
143007
143134
143153
143170
143384
143772
143823
144358
144599
144907
145039
145200
145296
145700
146161
146335
146589
146934
147118
147158
147175
147188
147231
147284
147384
147841
147884
148173
148185
148441
148577
149010
149560
149586
149657
149732
149774
149942
150040
150056
150353
150391
150446
150554
150564
150804
151043
151636
151763
151782
151811
151915
152062
152150
152192
152250
152358
152511
152796
152954
153035
153465
153511
153520
153600
153607
153646
153718
153891
154016
154317
154322
154704
154739
154906
154966
155231
155344
155458
155585
155861
155873
156076
156410
156642
156813
156908
156928
157353
158092
158133
158275
158570
158768
158880
158945
158964
159198
159479
159930
160159
160429
160637
160868
160966
161021
161408
161760
161937
162080
162084
162176
162354
162428
162548
162587
162646
162657
162805
162875
163227
163339
163960
164269
164306
164549
164955
164962
164995
165203
165371
165663
165664
165844
165907
166230
166405
166529
166826
166845
167086
167257
167285
167438
167445
167501
167916
167940
168611
168668
169244
169587
169758
169876
169977
170242
170404
170625
170641
170783
170995
171423
171607
172346
172766
172887
173005
173048
173063
173222
173369
173425
173650
173673
173880
173955
173976
174039
174689
174705
174740
174760
174788
174794
174814
