97403
122179
133357
139109
150705
151267
177153
191624
202559
315759
333117
340052
350947
381494
386073
521605
543876
850
5292
5665
5983
6264
6332
6738
6891
9163
12483
12916
15342
15691
15862
18012
18819
19166
19457
20165
20578
21376
23120
25962
27019
32082
39637
39641
42080
42309
42548
43628
47975
48001
52572
59783
61698
62406
62778
63159
63321
66227
69079
75948
84910
86613
94785
105610
105996
106129
111159
113372
133192
133363
141634
194016
198358
208091
267573
325171
325572
344352
347545
347810
348815
351042
351201
354320
354509
361184
364737
368639
383511
190
2196
2949
3324
4684
5577
5679
5863
9174
10730
12800
17011
17363
18631
18781
19415
23102
23214
23224
24391
25961
26198
28595
30826
32695
32711
34853
40606
42090
45817
48366
48840
48965
51407
52007
62951
70613
71057
100769
109077
137073
155975
161360
162659
167472
179619
193229
196999
229699
250984
257591
314387
315035
323923
324389
328797
328937
365800
385472
522
951
1518
2366
3131
3140
4263
6570
7089
8074
8946
9128
9428
10208
10355
11018
14227
14445
15083
16672
21815
23910
24000
24299
25526
25766
26101
26372
32389
34624
35081
38205
39229
41144
41241
43079
43602
45246
49003
56363
61401
67476
67863
75596
75967
83299
84729
84994
128963
133352
159043
163185
191936
195502
207770
217784
288651
304492
315233
315440
315499
324715
325047
325195
325297
326247
330151
343784
385233
528997
1074
1909
2080
2217
2413
2654
5349
6268
6471
7140
9063
12606
12766
14169
14869
14978
15314
15651
15808
16489
17655
18435
18729
19708
20533
21222
25174
27372
36709
42288
43475
45195
45957
49255
53030
57233
60197
66716
70519
71131
90762
102752
138910
139764
145840
157853
164699
173006
174911
180120
186517
187740
192308
196497
249762
315311
325914
329111
329433
343290
348840
354147
371800
556054
250
822
1188
2835
2922
6321
6326
8009
11893
12449
13279
13369
14341
14345
14399
14434
16441
16497
16772
22441
23917
24278
25257
25393
25629
26768
27200
28750
29647
31130
31585
31861
38730
41555
47889
54321
56939
61770
61962
62184
77645
84077
90617
98303
98555
108425
116117
133340
147100
158995
159417
160805
172536
175391
188109
192082
192978
199555
207266
215902
226917
281009
315220
325378
340982
345108
363696
369903
385600
385825
385923
538338
136
547
1164
1344
1933
3524
3769
3975
8744
10048
14072
14436
14673
15772
17478
18333
19390
19662
25677
26704
28217
29796
30487
31684
31976
32691
34924
38039
38494
42430
49650
52043
56571
58603
68374
73781
73819
73821
78577
79516
85608
86488
88411
92400
104701
113825
114995
124142
128612
130297
137099
139374
159089
175053
185895
187511
190747
195752
197427
202028
292388
324906
328888
331484
333191
340255
349362
350872
369663
381849
385008
473591
474209
495003
495111
550056
178
1093
3275
4626
5299
7369
7585
8158
8460
8980
8981
10906
11016
11774
12572
12909
13489
14337
15615
16005
16389
16882
17451
17553
18060
20595
20922
22316
23879
24409
24637
27126
31336
32509
32806
33015
34090
41618
42647
45412
46257
46998
48486
49173
49379
53126
56670
58118
58834
59912
59990
61880
66694
76434
82913
85792
108237
151300
166096
176357
177043
178851
179504
184502
189089
189915
192763
271839
273033
287795
292800
314347
314684
315755
316309
316478
325522
334788
340542
342753
343639
344441
353535
357293
357596
359819
365301
365338
366045
370755
333
435
955
1137
1337
3988
4515
4915
5077
6544
7287
7288
7937
9068
9373
9470
9969
12768
13112
15204
15310
16629
21530
21616
23071
24057
27105
28159
28475
31083
31260
31496
39517
44556
46166
46762
47613
49398
50483
54709
55464
55601
55782
56812
62278
64118
65521
66807
69605
69695
71212
73140
81454
82999
93666
94471
96231
100673
109624
115400
116949
134956
136935
146050
153328
154416
157071
158882
172247
178477
197853
245858
250027
258118
288038
292600
314774
324483
324997
325515
