16600
16657
16753
16784
16839
17013
17087
17179
17184
17197
17245
17272
17374
17424
17425
17492
17690
17713
17901
17902
18090
18306
18394
18665
18754
18779
18952
19034
19463
19482
19644
19718
19745
19773
19795
19807
19998
20058
20164
20235
20284
20323
20388
20397
20447
20584
20648
20737
21048
21073
21092
21126
21219
21269
21456
21546
21645
21735
21789
21859
21903
21917
21923
21984
22111
22157
22233
22359
22363
22370
22372
22555
22578
22870
23022
23055
23272
23297
23335
23650
23679
23760
23763
23781
23829
23871
23989
24031
24035
24064
24107
24312
24331
24627
24648
24890
25025
25062
25114
25146
25184
25404
25468
25524
25664
25697
25699
25789
25831
25908
26027
26041
26046
26055
26106
26233
26332
26339
26382
26383
26579
26586
26878
26898
27040
27045
27162
27208
27231
27278
27383
27419
27447
27558
27584
27665
27771
27787
27831
27867
27906
27907
28280
28369
28395
28425
28439
28467
28495
28505
28647
28738
28758
28965
29027
29116
29119
29454
29514
29603
29684
30014
30130
30271
30346
30411
30717
30758
30886
31102
31148
31304
31392
31451
31457
31528
31564
31584
31691
31749
31751
31771
31775
31906
32276
32584
32622
32640
32732
32983
33158
33202
33267
33455
33544
33618
33626
33862
34018
34527
34614
34711
34963
35027
35136
35209
35349
35548
35733
35745
35847
35857
35978
36038
36043
36113
36343
36728
36812
36881
36938
37097
37143
37153
37338
37363
37643
37694
37918
38112
38363
38585
38932
38944
39171
39232
39294
39339
39606
39935
39950
40021
40074
40295
40402
40462
40499
40504
40521
40683
40798
40908
41067
41403
41604
41607
41664
41705
41778
41974
42083
42187
42292
42489
42494
42575
42699
42880
42919
42928
42999
43090
43223
43337
43354
43416
43418
43441
43471
43472
43522
43900
43959
43987
44039
44081
44150
44202
44401
44627
44930
44943
44991
45078
45322
45394
45518
45659
45822
46023
46026
46152
46177
46203
46505
46507
46525
46614
46797
47286
47400
47422
47499
47540
47570
47582
47590
47592
47732
47793
47973
48156
48252
48261
48280
48301
48393
48457
48490
48554
48681
48686
48688
48813
48859
48920
49164
49372
49447
49473
49606
49665
49917
50060
50345
50616
50620
50678
50875
50905
51107
51268
51383
51905
51979
52071
52126
52229
52338
52362
52366
52463
52731
52889
52898
52960
52992
53027
53093
53178
53484
53877
53920
53949
54103
54206
54421
54462
54627
54634
54672
54830
54851
54884
54905
54945
55044
55103
55147
55252
55274
55432
55519
55632
55639
55651
55660
55905
55958
55969
56140
56208
56233
56239
56253
56786
56942
56957
57071
57369
57375
57396
57399
57650
57684
57904
57940
58021
58074
58141
58151
58161
58217
58421
58555
58619
58681
58783
58825
59152
59190
59192
59342
59364
59410
59433
59702
59877
59890
60078
60183
60188
60252
60258
60534
60620
60754
60778
61088
61323
61333
61376
61379
61425
61451
61532
61683
61769
61833
61852
61905
62083
62120
62379
62700
62707
62745
62780
62917
63176
63198
63230
63244
63248
63378
63492
63627
63842
63889
63971
63994
64000
64172
64184
64240
64533
64578
65492
65522
65723
65823
65898
65899
66164
66197
66443
66600
66602
66606
66722
66937
66954
67025
67190
67294
67297
67391
67539
67543
67664
67728
67823
67826
68123
68471
68554
68631
68673
68677
68876
69010
69169
69172
69241
69321
69437
69741
69811
69857
69920
70101
70132
70213
70341
70351
70534
70535
70559
70785
70850
70989
71039
71150
71167
71192
71420
71421
71516
71525
71701
71757
71916
71923
72101
72160
72458
72553
72616
72631
72713
73423
73583
73640
73757
74070
74267
74359
74399
74627
74637
74888
74911
75093
75135
75178
75353
75379
75574
75797
75827
75835
75958
76020
76054
76218
76641
76669
76921
77003
77251
77858
78005
78046
78048
78068
78080
78207
78227
78414
78511
78569
78578
78764
79579
79610
80181
80273
80471
80548
80741
80767
80827
81023
81071
81158
81391
81429
81534
81825
81837
81849
81921
82006
82134
82395
82443
82603
82683
82758
83369
83508
83734
83830
83879
83929
83982
84044
84068
84209
84328
84452
84484
84883
85158
85622
85816
86111
86131
86245
86293
86349
86592
86717
86723
86823
86836
87125
87226
87255
87349
87392
87584
87659
87706
88261
88645
88661
88780
88848
88927
89049
89139
89324
89620
89899
90097
90163
90199
90218
90565
90885
91194
91249
91373
91655
91725
91819
91876
92209
92416
92479
92555
92654
93078
93259
93280
93336
93361
93650
93788
94162
94226
94564
94637
94664
94726
94808
94949
95001
95214
95384
95454
95724
95806
96213
96309
96361
96423
96505
96647
96688
96784
96823
96867
96972
97105
97552
97573
97839
97861
98332
98643
98853
98890
98970
99056
99454
99677
99706
99758
100033
100235
100310
100637
101117
101152
101169
101234
101434
101699
101787
101808
102171
102259
102315
102591
102784
103053
103118
103662
103718
103768
103797
103802
103806
103836
103847
103975
104346
104552
104707
105035
105087
105155
105801
105866
105884
106144
106413
106425
106450
106610
106655
106658
107369
107564
107675
107706
107740
108210
108344
108368
108572
108587
109003
109059
109151
109762
109878
109907
110093
110195
110286
110715
110731
110743
110783
110789
110967
110977
111057
111121
111153
111220
111228
111607
111627
111866
111941
112110
112116
112135
112184
112275
112398
112406
112438
112642
112691
112741
113144
113378
113397
113687
113802
113843
114037
114302
114605
114615
114790
114999
115110
115187
115285
115334
115367
115461
115477
115530
116265
116415
116430
116674
116971
117056
117324
117356
117615
117624
117707
117767
118352
118357
118447
118966
119109
119197
119474
119564
119762
119857
120013
120170
120466
120678
120887
121509
121601
122248
122353
122591
122959
123463
123732
123866
123876
123923
124069
124093
124185
124280
124322
125148
125412
125509
125765
125905
125943
126061
126181
126332
126507
126550
126576
126779
126836
126857
126970
127162
127194
127226
127238
127348
127459
127656
127660
127774
127781
127993
128040
128047
128082
128098
128325
128580
128704
128907
128974
129140
129205
129677
129719
129720
130468
130914
131119
131128
131769
131778
131912
132169
132268
132302
132742
132930
133052
133107
133286
133465
133496
133503
133531
133961
134014
134151
134376
134432
134460
134570
134661
134838
134858
134932
135145
135201
135316
135458
135509
135644
135833
136073
136101
136264
136357
136418
136750
136780
137271
137325
137951
137996
138091
138126
138221
138370
138494
138768
138785
138878
138883
138902
139239
139343
139768
140100
140148
140209
140413
140427
140648
140761
140807
140818
141038
141458
141531
141692
141867
142423
142488
142771
142913
142933
142984
143007
143134
143153
143170
143384
143772
143823
144358
144599
144907
145039
145200
145296
145700
146161
146335
146589
146934
147118
147158
147175
147188
147231
147284
147384
147841
147884
148173
148185
148441
148577
149010
149560
149586
149657
149732
149774
149942
150040
150056
150353
150391
150446
150554
150564
150804
151043
151636
151763
151782
151811
151915
152062
152150
152192
152250
152358
152511
152796
152954
153035
153465
153511
153520
153600
153607
153646
153718
153891
154016
154317
154322
154704
154739
154906
154966
155231
155344
155458
155585
155861
155873
156076
156410
156642
156813
156908
156928
157353
158092
158133
158275
158570
158768
158880
158945
158964
159198
159479
159930
160159
160429
160637
160868
160966
161021
161408
161760
161937
162080
162084
162176
162354
162428
162548
162587
162646
162657
162805
162875
163227
163339
163960
164269
164306
164549
164955
164962
164995
165203
165371
165663
165664
165844
165907
166230
166405
166529
166826
166845
167086
167257
167285
167438
167445
167501
167916
167940
168611
168668
169244
169587
169758
169876
169977
170242
170404
170625
170641
170783
170995
171423
171607
172346
172766
172887
173005
173048
173063
173222
173369
173425
173650
173673
173880
173955
173976
174039
174689
174705
174740
174760
174788
174794
174814
174864
174872
174893
174953
174961
174979
175039
175131
175180
175315
175513
175532
175547
175564
175568
175628
175736
175738
175767
175789
175822
175908
176061
176282
176319
176376
176379
176405
176448
176602
176752
176773
176778
176830
176878
176916
176964
177008
177115
177195
177227
177296
177299
177369
177374
177607
177659
177668
177911
177928
177940
178001
178016
178092
178189
178251
178274
178385
178438
178476
178489
178527
178552
178577
178623
178692
178798
178809
178842
178892
178928
178992
179033
179070
179071
179086
179105
179138
179168
179193
179607
179680
179747
179761
179802
179827
179838
180077
180179
180225
180264
180281
180372
180374
180462
180466
180477
180510
180533
180670
180681
180695
180735
180738
180749
180759
180768
180791
180794
180829
180839
180859
180986
181286
181297
181361
181495
181521
181527
181549
181630
181750
181756
181822
181855
181870
181877
181915
181947
181959
182138
182167
182181
182255
182268
182319
182527
182714
182773
182794
182973
182980
182984
183010
183058
183086
183112
183146
183151
183196
183241
183357
183431
183509
183519
183594
183658
183675
183687
183693
183723
183755
183793
183850
183862
183941
183961
184021
184196
184253
184280
184307
184420
184495
184507
184582
184616
184617
184743
184769
184780
184868
184878
184888
184891
184967
185008
185035
185076
185099
185112
185127
185135
185136
185141
185205
185298
185363
185385
185569
185612
185626
185627
185629
185634
185827
185842
185853
185898
186040
186207
186234
186294
186311
186329
186408
186561
186608
186718
186722
186759
186777
186801
186809
187246
187382
187428
187486
187528
187561
187648
187775
187777
187820
187828
187897
187934
187960
187972
188213
188230
188290
188392
188451
188571
188649
188785
188826
188944
188986
189067
189157
189207
189242
189246
189298
189306
189455
189500
189508
189514
189669
189694
189707
189713
189729
189731
189914
189940
189989
190021
190034
190036
190065
190142
190157
190198
190266
190335
190415
190425
190472
190594
190645
190839
190871
190889
190926
191057
191099
191105
191131
191167
191186
191303
191330
191333
191367
191388
191403
191404
191408
191417
191419
191441
191461
191472
191501
191526
191560
191593
191617
191682
191692
191693
191760
191842
191847
191854
191905
191927
191946
192004
192052
192068
192104
192124
192173
192218
192246
192275
192345
192355
192380
192488
192516
192528
192555
192596
192699
192701
192712
192749
192751
192778
192797
192815
192859
192866
192902
192914
192915
192959
193060
193062
193071
193072
193075
193086
193095
193112
193123
193186
193193
193196
193220
193254
193256
193308
193323
193385
193399
193454
193460
193478
193493
193497
193539
193540
193549
193568
193573
193584
193642
193655
193666
193678
193758
193806
193815
193859
193898
193928
194037
194078
194085
194122
194130
194161
194174
194201
194308
194325
194345
194357
194366
194426
194445
194508
194548
194549
194579
194586
194603
194645
194695
194703
194725
194778
194801
194809
194853
194891
194900
194931
194958
194987
194991
195020
195038
195054
195091
195102
195126
195194
195195
195209
195303
195317
195368
195371
195415
195485
195486
195511
195562
195616
195635
195672
195673
195711
195722
195744
195805
195832
195855
195875
195885
195938
196080
196161
196201
196270
196461
196489
196826
196827
196978
197022
197087
197130
197553
197887
197904
198420
198500
198523
199020
199146
199353
199496
199618
199904
199920
200529
200603
200715
200794
200922
200995
201029
201043
201237
201246
201722
201960
201963
202294
202549
202657
202732
202915
203261
203272
203580
203897
203978
204538
204591
204918
205124
205251
205284
205289
205315
205320
205365
205439
205637
205885
205921
205955
206550
206566
207151
207306
207595
207772
208023
208072
208399
209027
209029
209253
209369
209455
209554
209611
209624
209765
209847
210256
210303
210382
210710
210995
211313
211366
211433
211499
211700
211746
211853
211884
211981
212501
212633
212754
212938
212969
213228
213699
213781
214344
214366
214423
214555
214717
214961
215087
215182
215255
215404
215533
215809
216100
217268
217281
217483
217588
217726
217857
218012
218680
218977
219036
219372
219891
219956
220144
220298
220309
220381
220523
220552
220567
220605
220647
220712
221071
221179
221524
221783
221814
222074
222501
222703
222949
222962
222964
222982
223103
223840
223869
224164
224964
225186
225927
225945
226045
226466
226624
226817
226823
227048
227265
227719
227799
228137
228176
228544
228595
229403
229442
229452
229596
229759
229822
230521
230932
231107
231470
232584
232718
232764
233030
233076
233471
233545
233893
234132
234142
234248
234274
234314
234569
234577
234943
236162
236737
236808
236845
237301
237778
237836
237923
238135
238685
238830
238887
239030
239575
239752
240173
240232
240989
241047
241684
242651
242740
243395
243760
244384
245588
245695
245912
246152
246296
246799
246915
247015
247082
248820
249213
249411
249677
249746
249827
249841
250217
250275
250372
250448
250522
251408
251444
251542
251857
251982
251990
252274
252318
252530
252977
252995
253454
253556
253615
253670
253673
253980
253994
254025
254438
254475
254518
254532
255088
255249
255868
256941
257287
257633
257974
258017
258085
258383
259644
260401
260416
261605
261797
261961
262180
262270
262360
262415
262484
262581
262727
263077
263918
264125
264539
264703
264769
264773
264841
264877
265391
266329
266698
267333
267457
267595
267940
268033
268463
268572
268618
268841
269098
269303
269600
269633
269843
269990
270345
271310
271356
272212
272341
272712
272758
273177
273936
274378
275070
275351
275916
275950
276088
276090
276286
277042
277089
277694
278083
278518
278614
278687
278811
278815
279268
279623
279640
280084
281170
281876
281918
282378
282784
282990
283290
284059
284175
284192
284248
284309
284426
284990
285279
286214
286633
286921
287252
287322
287964
288008
288142
288204
288336
288587
288789
289245
289889
290609
290951
291281
291386
292197
293151
293786
293810
294080
295065
296119
296450
297012
297234
297375
297417
297515
298634
298909
299141
299699
300640
301013
301439
304541
304749
304900
304959
305593
306392
306477
306926
307386
307617
308282
308527
309272
313111
313467
313535
313959
314133
314243
314463
314566
314747
314810
315100
315129
315379
315381
315649
315882
315905
316039
316231
316382
316401
316608
316734
316747
316853
316971
317290
317587
317856
317988
318153
323602
323852
324084
324277
324315
324681
324837
324950
325198
325273
325307
325510
325571
325678
325805
326027
326169
326186
326237
326292
326386
326461
326777
326788
326880
327221
327299
327510
327970
327993
328016
328400
328805
328933
329022
329180
329282
329869
329956
329980
330234
330309
330332
330443
330447
330532
330773
330867
331167
331395
331471
331579
331606
331776
331788
331912
331995
332002
332137
332189
332697
332852
333063
333250
333251
333276
333327
333732
333807
333951
334366
334512
334561
334843
335172
335192
335448
335775
335842
336232
336238
336360
336380
336482
336636
336754
336812
336906
336973
337049
337286
337388
337421
337486
337490
337937
338274
338366
338427
338943
339422
339851
339910
340089
340152
340276
340298
340610
340937
341268
341336
341528
341556
341819
342564
342583
342604
342901
342923
342925
342984
343095
343129
343133
343168
343174
343180
343182
343193
343206
343225
343239
343254
343262
343267
343285
343340
343342
343346
343360
343366
343373
343377
343391
343393
343411
343414
343429
343447
343453
343468
343478
343486
343488
343497
343526
343542
343545
343623
343628
343632
343637
343681
343695
343718
343795
343822
343834
343858
343859
343869
343874
343883
343885
343903
343920
343938
343947
343956
343991
344007
344011
344035
344098
344125
344143
344163
344165
344187
344195
344207
344227
344261
344264
344271
344291
344323
344328
344368
344385
344416
344447
344458
344466
344471
344496
344533
344538
344583
344586
344588
344599
344609
344621
344632
344686
344709
344756
344760
344764
344774
344779
344786
344799
344804
344812
344825
344847
344851
344925
344927
344938
344939
344977
344985
345009
345045
345060
345100
345111
345204
345209
345240
345268
345288
345295
345297
345342
345345
345432
345448
345469
345542
345586
345612
345615
345617
345644
345656
345671
345743
345747
345758
345786
345795
345821
345823
345837
345865
345866
345867
345872
345900
345964
345976
346016
346035
346075
346077
346090
346115
346181
346191
346297
346331
346347
346355
346379
346415
346426
346443
346452
346504
346506
346509
346545
346611
346620
346677
346681
346752
346754
346755
346774
346787
346789
346802
346816
346862
346874
346878
346921
346943
346970
346976
346986
347048
347049
347107
347123
347145
347189
347229
347251
347309
347386
347469
347550
347577
347590
347607
347724
347736
347742
347743
347817
347848
347862
347877
347900
347911
347912
347913
347919
347928
347935
347951
347967
348064
348190
348236
348253
348257
348265
348271
348292
348297
348310
348315
348320
348341
348428
348433
348437
348454
348503
348523
348525
348577
348581
348588
348600
348614
348621
348638
348644
348673
348679
348702
348719
348722
348748
348768
348787
348797
348803
348850
348910
348933
348947
348968
349017
349079
349092
349140
349192
349195
349272
349295
349310
349311
349318
349369
349377
349402
349429
349506
349523
349596
349601
349613
349647
349656
349663
349740
349745
349748
349750
349764
349825
349844
349856
349857
349861
349882
349890
349912
349928
349949
349973
349989
350079
350086
350128
350166
350205
350211
350245
350307
350341
350367
350386
350405
350406
350435
350466
350476
350481
350523
350530
350540
350575
350582
350585
350595
350601
350618
350636
350656
350662
350666
350670
350681
350699
350707
350753
350770
350784
350833
350903
350986
351040
351056
351071
351083
351103
351121
351130
351163
351164
351171
351176
351197
351223
351224
351259
351289
351307
351340
351353
351364
351367
351380
351439
351466
351484
351496
351518
351567
351587
351666
351674
351678
351771
351791
351818
351827
351852
351882
351884
351890
351901
351904
351933
351955
351985
352086
352094
352213
352218
352220
352221
352225
352250
352265
352281
352299
352321
352351
352408
352462
352465
352483
352519
352541
352569
352572
352580
352611
352637
352723
352731
352763
352782
352859
352863
352882
352893
352901
352907
352918
352980
352992
353001
353038
353070
353142
353222
353246
353286
353318
353356
353364
353380
353429
353469
353479
353487
353492
353522
353539
353553
353559
353572
353625
353626
353691
353782
353787
353839
354015
354057
354091
354116
354154
354165
354217
354257
354281
354313
354339
354346
354432
354441
354471
354502
354550
354557
354562
354566
354569
354582
354593
354607
354618
354619
354697
354777
354793
354876
354888
354939
354947
354951
355027
355065
355067
355069
355074
355090
355113
355145
355178
355183
355323
355328
355347
355404
355416
355434
355593
355599
355634
355674
355692
355841
356000
356020
356135
356138
356147
356207
356208
356238
356239
356249
356254
356276
356354
356498
356503
356508
356525
356528
356547
356549
356566
356580
356610
356647
356665
356672
356697
356758
356764
356765
356799
356802
356838
356874
356931
357008
357130
357137
357150
357159
357181
357231
357244
357306
357308
357336
357368
357385
357396
357437
357499
357519
357532
357543
357553
357620
357631
357637
357697
357746
357750
357753
357756
357766
357774
357845
357888
357895
357936
357947
357963
358056
358076
358079
358094
358159
358182
358184
358207
358215
358216
358237
358254
358273
358354
358372
358421
358519
358610
358791
358806
358840
358845
358878
358882
358895
358904
358906
358948
358975
358986
359008
359087
359115
359125
359127
359279
359287
359293
359316
359375
359381
359428
359446
359535
359537
359595
359599
359661
359705
359715
359738
359790
359907
359915
359943
359977
359988
360001
360095
360189
360204
360229
360284
360285
360357
360365
360407
360474
360489
360537
360551
360620
360648
360651
360693
360764
360767
360797
360802
360804
360830
360908
360998
361043
361087
361166
361181
361216
361300
361377
361409
361428
361496
361660
361671
361680
361695
361703
361727
361730
361771
361773
361788
361984
362019
362021
362057
362114
362179
362185
362220
362231
362247
362357
362380
362412
362414
362415
362515
362527
362529
362533
362538
362540
362582
362655
362701
362709
362821
362869
362874
362922
362945
362960
362978
363025
363060
363067
363162
363177
363222
363261
363275
363276
363278
363316
363329
363354
363370
363442
363529
363556
363565
363588
363648
363661
363685
363727
363734
363753
363763
363803
363857
363869
363980
363982
363984
364027
364033
364075
364089
364093
364114
364155
364158
364170
364301
364344
364358
364362
364413
364527
364546
364563
364634
364688
364727
364759
364841
364845
364873
364897
364898
364926
364938
365041
365051
365052
365113
365117
365145
365245
365248
365266
365334
365349
365350
365385
365426
365435
365439
365473
365549
365550
365565
365611
365618
365703
365727
365761
365789
365810
365862
365890
365941
366014
366069
366106
366116
366117
366129
366168
366171
366239
366253
366292
366352
366377
366411
366438
366460
366483
366492
366527
366544
366593
366613
366638
366675
366731
366747
366763
366795
366803
366805
366812
366830
366876
366884
366913
366921
366941
366948
366950
366968
367023
367188
367270
367301
367308
367386
367390
367391
367401
367402
367410
367418
367538
367571
367575
367589
367596
367631
367633
367641
367663
367697
367707
367731
367762
367789
367801
367839
367872
367921
367965
367975
367985
368091
368093
368166
368203
368228
368240
368250
368262
368337
368353
368399
368455
368510
368556
368582
368661
368704
368718
368759
368762
368770
368811
368815
368830
368894
368977
369114
369129
369135
369142
369146
369151
369199
369225
369385
369393
369412
369477
369565
369612
369617
369657
369760
369799
369827
369833
369866
369929
369967
369984
370061
370110
370239
370248
370254
370256
370335
370346
370409
370422
370433
370452
370459
370474
370562
370596
370647
370657
370689
370696
370708
370709
370726
370728
370735
370784
370826
370847
370896
371030
371087
371100
371114
371138
371310
371311
371344
371375
371379
371380
371406
371409
371412
371414
371452
371485
371495
371515
371542
371638
371659
371684
371702
371779
371856
371863
371909
371914
371964
372002
372008
372039
372051
372067
372077
372107
372114
372116
372120
372131
372159
372255
372330
372335
372349
372366
372407
372464
372472
372505
372523
372548
372594
372596
372631
372637
372648
372653
372674
372686
372688
372725
372737
372786
372843
372857
372899
372944
372992
373003
373016
373045
373138
373182
373415
373575
375650
376482
376526
376575
376990
377584
378991
380344
380792
380795
381245
381375
381842
382388
383044
383620
383883
384009
384350
384408
384783
384818
384886
384918
384924
384925
384926
384937
384946
385020
385196
385209
385215
385283
385289
385307
385314
385368
385371
385399
385448
385498
385563
385623
385634
385678
385730
385740
385819
385936
385943
385984
386043
386059
386129
386130
386213
386334
386363
386419
386442
386444
386467
386541
386647
386771
386790
386814
386928
386931
386945
386973
386982
387010
387101
387278
387354
387358
387651
387764
387779
387803
387846
387889
387924
387951
387983
388040
388058
388187
388229
388362
388401
388426
388456
388496
388504
388526
388546
388632
388684
388814
388835
388930
389137
389242
389311
389367
389463
389575
389612
389646
389772
389936
390034
390188
390815
391031
392549
393794
394528
394608
400015
412427
413127
413327
414288
416138
416260
416320
416422
416796
416977
417084
417721
418094
419716
419973
420126
420243
420280
420671
421401
421648
422411
423054
423911
424828
425166
425301
425503
425533
426175
427624
431332
432823
434514
435186
436166
437365
440497
441369
441775
443623
449763
449839
452050
452353
452616
457432
457502
459111
459960
462172
463170
463256
463261
465052
465160
467395
471506
473582
473635
473867
474148
474647
475535
475932
476821
476841
477159
477971
478135
478695
479099
479482
480978
481265
481979
482024
482277
482613
482986
483823
484615
484636
485988
486017
486768
486787
487000
488344
489455
489513
489853
491782
492149
493077
493847
494591
494754
494773
494824
494909
494923
494931
494940
494972
494985
494989
495030
495136
495151
495155
495176
495183
495186
495259
495462
495477
495591
495627
495631
495715
495762
495797
495851
495903
495930
495949
496003
496081
496084
496087
496160
496176
496192
496198
496244
496325
496329
496372
496437
496438
496535
496548
496588
496602
496645
496648
496852
496854
496985
497017
497067
497083
497162
497166
497169
497184
497193
497204
497236
497262
497289
497335
497442
497459
497477
497479
497504
497560
497575
497651
497654
497772
498001
498003
498219
498611
498687
499695
500105
500204
500311
500516
500803
501295
501628
501630
501631
502343
502735
503702
505659
507849
507977
510234
510389
511495
513014
514472
514781
515949
518394
521098
521144
521215
521308
521454
521776
521851
521902
522935
522977
523423
523706
525100
525275
526860
526868
527562
527935
528584
529170
529321
529419
531051
531319
531790
532053
532411
532452
532604
533322
533472
534219
534341
535359
535420
535570
535590
536989
537153
539564
539757
541284
541485
541652
541774
544902
545012
545207
545336
547117
550288
552524
553424
553912
556469
556526
556802
559090
560317
560325
560371
564594
565634
565641
565878
566621
566889
567207
568519
570891
570939
571588
572474
573865
575440
576624
578414
578871
579583
579617
579872
579941
580038
580131
580241
580354
580805
39
50
56
72
73
77
93
96
102
117
125
152
161
181
200
230
232
295
312
313
317
327
354
356
364
375
384
391
412
413
416
433
461
462
473
491
494
514
517
518
535
556
564
572
574
589
596
607
622
633
648
652
696
699
711
744
748
753
809
831
843
865
889
924
982
994
1079
1118
1121
1123
1131
1153
1180
1201
1235
1260
1273
1282
1310
1313
1333
1351
1410
1442
1468
1474
1476
1479
1486
1503
1525
1536
1543
1554
1585
1597
1616
1626
1637
1645
1646
1649
1664
1680
1695
1710
1724
1725
1726
1756
1773
1777
1783
1805
1894
1922
1923
1987
1989
1991
2007
2064
2066
2084
2092
2110
2115
2139
2149
2171
2176
2224
2232
2258
2288
2298
2317
2322
2326
2332
2356
2359
2365
2397
2433
2455
2475
2490
2535
2550
2565
2566
2568
2571
2600
2608
2632
2634
2643
2667
2671
2678
2704
2705
2708
2714
2715
2725
2727
2734
2736
2740
2747
2785
2803
2809
2813
2821
2822
2830
2843
2866
2873
2874
2876
2887
2896
2899
2907
2911
2913
2916
2930
2984
2987
3008
3017
3027
3053
3058
3063
3065
3074
3080
3081
3087
3107
3114
3124
3129
3137
3162
3176
3191
3195
3201
3221
3231
3244
3245
3258
3272
3299
3304
3329
3334
3353
3396
3397
3408
3431
3455
3492
3493
3496
3509
3520
3525
3533
3546
3579
3585
3636
3646
3647
3654
3659
3688
3697
3717
3728
3732
3737
3752
3776
3785
3800
3816
3855
3867
3872
3876
3885
3896
3919
3932
3989
4017
4046
4050
4052
4066
4070
4078
4094
4099
4120
4145
4198
4222
4227
4246
4272
4286
4298
4300
4310
4318
4324
4330
4372
4389
4391
4416
4425
4443
4446
4453
4459
4473
4475
4477
4492
4498
4540
4561
4564
4568
4580
4648
4669
4688
4700
4724
4731
4739
4747
4760
4761
4764
4767
4780
4801
4821
4823
4832
4834
4839
4845
4857
4867
4883
4885
4897
4938
4961
4982
4984
4990
4993
4996
5023
5035
5061
5082
5098
5138
5140
5146
5150
5153
5155
5161
5172
5180
5184
5186
5198
5200
5218
5228
5240
5267
5298
5300
5341
5369
5383
5398
5405
5410
5425
5448
5455
5463
5473
5474
5477
5483
5485
5498
5499
5502
5503
5511
5579
5610
5613
5625
5658
5664
5691
5697
5735
5750
5756
5764
5765
5829
5838
5839
5844
5852
5854
5865
5892
5896
5905
5914
5923
5924
5941
5952
5966
5972
5992
6013
6023
6067
6085
6099
6100
6149
6198
6230
6238
6270
6334
6341
6357
6365
6366
6369
6376
6389
6398
6416
6427
6466
6511
6538
6572
6588
6592
6629
6632
6638
6656
6683
6707
6732
6745
6749
6753
6815
6835
6861
6864
6867
6874
6887
6890
6905
6914
6926
6935
6942
6946
6959
6962
6998
7015
7037
7040
7046
7055
7091
7117
7131
7134
7147
7151
7206
7210
7214
7226
7231
7255
7274
7312
7324
7336
7340
7348
7351
7363
7372
7391
7406
7431
7463
7465
7475
7486
7500
7506
7542
7571
7578
7595
7599
7608
7611
7622
7634
7639
7644
7651
7652
7656
7658
7669
7693
7708
7711
7713
7714
7731
7758
7760
7771
7809
7812
7824
7843
7851
7852
7873
7879
7909
7932
7947
7961
7973
7995
8014
8017
8023
8068
8072
8076
8088
8106
8122
8146
8185
8187
8199
8211
8220
8225
8264
8283
8284
8328
8337
8362
8368
8395
8396
8398
8399
8407
8408
8424
8433
8462
8466
8475
8481
8483
8492
8493
8507
8538
8552
8591
8622
8648
8660
8669
8679
8687
8688
8690
8696
8707
8712
8721
8739
8763
8789
8803
8843
8851
8858
8887
8945
8988
8990
8996
8998
9018
9067
9084
9139
9145
9159
9203
9206
9213
9234
9259
9295
9332
9340
9341
9369
9380
9427
9430
9453
9477
9496
9544
9566
9573
9575
9577
9583
9586
9597
9603
9605
9626
9630
9642
9685
9722
9725
9741
9743
9745
9757
9769
9780
9800
9801
9810
9814
9825
9829
9838
9861
9865
9869
9873
9886
9902
9913
9923
9950
9979
10021
10040
10049
10059
10069
10083
10087
10089
10113
10137
10204
10219
10276
10307
10352
10374
10386
10389
10394
10396
10397
10405
10433
10458
10461
10474
10483
10497
10533
10546
10547
10597
10621
10645
10648
10664
10679
10683
10685
10700
10714
10726
10767
10797
10805
10823
10826
10866
10868
10869
10880
10926
10975
10977
10983
10988
11000
11007
11024
11051
11058
11088
11116
11138
11176
11225
11228
11233
11234
11242
11274
11281
11306
11441
11472
11474
11543
11545
11546
11555
11567
11605
11639
11651
11662
11670
11691
11715
11758
11761
11763
11776
11777
11779
11782
11786
11788
11791
11824
11847
11910
11931
11945
11954
11960
11969
11984
12004
12019
12055
12063
12071
12089
12090
12094
12101
12104
12106
12118
12127
12139
12142
12156
12158
12162
12168
12169
12185
12217
12238
12266
12285
12297
12302
12318
12361
12387
12407
12429
12436
12442
12460
12469
12539
12559
12568
12599
12609
12661
12696
12713
12714
12726
12749
12772
12784
12849
12870
12884
12899
12926
12978
13019
13020
13029
13057
13061
13074
13111
13127
13132
13148
13154
13157
13164
13171
13184
13252
13273
13277
13292
13310
13322
13330
13344
13381
13388
13431
13435
13436
13453
13494
13617
13673
13713
13715
13722
13723
13729
13735
13743
13751
13759
13761
13928
13981
14167
14204
14209
14286
14301
14312
14387
14407
14420
14458
14468
14505
14532
14600
14627
14683
14718
14826
15040
15041
15085
15132
15133
15251
15252
15300
15336
15431
15453
15587
15598
15912
15967
16111
16182
16199
16342
16358
16474
16530
16625
16655
16755
16815
16887
16902
16925
17101
17138
17214
17375
17414
17435
17461
17694
17736
17820
17917
17957
17981
18094
18171
18210
18250
18360
18392
18401
18575
18580
18598
18722
18957
19027
19357
19395
19459
19462
19466
19476
19479
19527
19615
19828
19829
20000
20003
20007
20032
20134
20155
20175
20180
20303
20407
20483
20646
20701
20729
20751
20871
21005
21065
21246
21467
21595
21619
21620
21673
21679
21701
21727
21805
21872
21946
22122
22178
22200
22283
22297
22317
22396
22754
22765
22840
22874
22967
23069
23085
23198
23218
23219
23416
23503
23586
23651
23681
23694
23709
23799
23838
23994
24052
24067
24071
24076
24097
24118
24151
24226
24267
24387
24389
24396
24441
24460
24567
24628
24736
24858
24900
24967
25238
25272
25434
25475
25559
25609
25716
25842
25857
26174
26258
26270
26292
26303
26521
26594
26653
26658
26737
26799
26817
27223
27340
27350
27516
27554
27561
27603
27643
27756
27780
27886
28113
28142
28168
28214
28259
28332
28348
28555
28564
28588
28629
28692
28869
28929
28933
29023
29098
29193
29212
29655
29715
29778
30213
30278
30380
30396
30401
30428
30457
30459
30500
30998
31015
31030
31110
31185
31312
31351
31404
31417
31507
31659
31692
31731
31779
31786
31903
31931
31979
32017
32028
32029
32056
32104
32142
32199
32281
32317
32352
32512
32643
32649
32704
32727
32782
32790
32800
32833
32857
32860
32866
32896
32931
32969
32982
33095
33097
33099
33183
33309
33469
33502
33545
33550
33642
33718
33797
33813
33863
33915
34034
34197
34205
34352
34430
34506
34514
34605
34611
34641
34799
34808
34948
34962
35010
35075
35104
35298
35325
35609
35768
35825
36053
36090
36143
36145
36368
36489
36503
36603
36641
36657
36757
36818
36847
37036
37071
37357
37427
37447
37488
37536
37600
37771
37833
37949
37969
38010
38160
38217
38236
38606
38669
38683
38994
39375
39408
39429
39435
39449
39551
39594
39601
39609
39673
39699
39720
39848
39931
39970
39996
40055
40076
40165
40193
40331
40341
40356
40385
40571
40595
40696
40758
40854
40959
41101
41127
41161
41196
41202
41255
41356
41549
41852
41881
41899
41918
41953
41954
42147
42388
42396
42439
42444
42455
42483
42545
42622
42676
42730
42823
42829
42933
43014
43033
43098
43279
43502
43603
43800
43835
43893
43910
43931
43963
44016
44053
44142
44283
44370
44388
44424
44488
44520
44621
44643
44737
44752
44772
44776
44880
44979
45014
45073
45169
45170
45240
45299
45353
45406
45447
45476
45497
45569
45602
45616
45634
45651
45716
45943
45980
46032
46041
46086
46217
46234
46259
46311
46365
46433
46468
46515
46527
46912
47095
47136
47216
47247
47344
47403
47471
47581
47586
47602
47610
47862
47997
48000
48067
48106
48214
48392
48527
48588
48597
48598
48629
48690
48825
48949
49074
49179
49324
49358
49468
49824
49827
49832
50029
50030
50148
50153
50245
50395
50406
50530
50533
50560
50792
50900
50961
51215
51251
51446
51469
51655
51743
51767
51820
51844
52166
52249
52283
52399
52411
52501
52546
52548
52574
52753
52765
52903
53007
53085
53096
53108
53236
53240
53426
53523
53704
53725
53739
53844
53904
53940
54012
54219
54448
54535
54592
54698
54736
54823
54862
54871
54873
54920
54957
55003
55026
55034
55142
55239
55257
55273
55380
55415
55431
55514
55748
56207
56212
56348
56360
56524
56531
56563
56755
56886
56922
56934
56985
57034
57086
57117
57118
57304
57329
57383
57394
57397
57419
57429
57436
57498
57546
57635
57700
57730
57794
58008
58056
58079
58086
58212
58255
58491
58508
58598
58627
58654
58667
58714
58719
58737
58864
58873
58942
59019
59144
59155
59428
59492
59561
59589
59661
59774
60014
60066
60091
60121
60134
60329
60352
60416
60447
60540
60580
60655
60851
60856
61041
61170
61329
61348
61353
61420
61469
61508
61864
62029
62093
62110
62148
62214
62243
62267
62298
62319
62694
63089
63119
63156
63257
63258
63477
63569
63601
63644
63663
63718
63809
63872
63914
63931
64002
64031
64150
64228
64263
64296
64399
64430
64450
64589
64620
64640
64846
65077
65163
65348
65359
65441
65487
65506
65685
65819
65841
65968
66209
66236
66283
66288
66335
66338
66401
66461
66501
66507
66547
66551
66632
66761
66833
66855
67278
67466
67559
67606
67880
67881
68007
68088
68105
68120
68262
68314
68361
68553
68601
68900
69032
69093
69182
69225
69247
69361
69633
69737
69820
69844
69849
69925
70024
70174
70207
70292
70511
70551
70689
70733
70856
70916
71019
71108
71142
71372
71410
71472
71528
71538
71555
71777
71943
71949
72033
72145
72164
72332
72361
72412
72475
72499
72532
72623
72874
72889
73127
73239
73287
73389
73447
73481
73546
73764
73806
73909
73979
74112
74161
74220
74282
74395
74405
74411
74812
75155
75579
75951
76013
76320
76661
76707
77413
77508
77626
77862
78023
78054
78107
78170
78182
78197
78216
78463
78497
78615
78820
79124
79145
79229
79283
79311
79319
79475
79774
79777
80103
80217
80235
80294
80376
80617
80721
80738
80825
80856
80872
80876
80891
80977
81091
81092
81151
81579
81613
81622
81746
81764
81993
82099
82274
82302
82305
82368
82415
82543
82588
82770
82800
82820
82959
83438
83442
83622
83771
83824
83868
83935
84519
84551
84664
84711
84721
84766
84866
84979
85048
85077
85295
85305
85377
85519
85676
85791
85844
86018
86025
86120
86259
86462
86537
86809
86915
86931
86939
86971
86978
87071
87085
87283
87314
87406
87458
87607
87637
87789
87956
88061
88219
88266
88466
88526
88567
88758
88953
88969
89188
89418
89455
89521
89850
89876
89929
90319
90472
90529
90560
90631
90729
90806
90833
90842
91048
91075
91350
91362
91489
92218
92356
92357
92438
92490
92495
92526
92535
92557
92606
92655
92732
92808
92820
92827
92839
93178
93330
93614
93854
93894
93927
94047
94099
94351
94361
94438
94699
94805
95102
95138
95278
95379
95386
95688
95861
95935
95940
95962
96021
96027
96034
96036
96043
96175
96180
96243
96301
96337
96354
96527
96576
96612
96684
96694
96757
96919
97006
97096
97335
97366
97551
97860
97952
98221
98224
98238
98709
98712
99013
99219
99324
99689
99864
99893
99989
100021
100183
100340
100359
100684
100724
100766
101022
101224
101702
101854
102023
102091
102139
102510
102573
102685
102741
102897
103125
103191
103397
103478
103616
103675
103850
103900
103918
103996
104170
104431
104845
105036
105116
105137
105330
105509
105534
105536
105795
106101
106119
106423
106501
106507
106718
106826
106845
106860
106918
107225
107238
107315
107509
107514
107543
107666
107762
107795
107867
107925
107970
108063
108107
108222
108295
108328
108403
108435
108626
108792
108873
109175
109186
109201
109430
109718
109756
109780
109896
109922
109942
110108
110280
110597
110690
110701
110711
110865
110949
111090
111132
111175
111335
111451
111519
111584
111667
112521
112563
112676
112846
112918
113000
113150
113151
113189
113483
113531
113535
113642
113694
113794
113963
113964
114014
114146
114158
114195
114334
114342
114689
114882
115048
115082
115122
115172
115248
115255
115320
115616
115690
115771
116244
116374
116412
116569
116642
116834
117445
117592
118148
118177
118209
118240
118480
118548
118589
118711
118744
118754
118774
118787
118788
119280
119790
119797
119802
119831
119837
119853
119923
120083
120350
120354
120388
120421
120657
120849
120968
121196
121478
121514
121549
121566
121687
121813
121879
122287
122300
122377
122716
122996
123077
123197
123338
123443
123583
123760
123778
123829
123840
124163
124189
124212
124333
124334
124388
124716
124939
125196
125513
125559
125725
125730
126108
126776
126859
127023
127052
127247
127345
127374
127739
127757
127759
127785
127800
128679
128824
128976
128983
129048
129113
129634
129815
130000
130225
130473
130604
131139
131283
131328
131670
131686
131687
131935
131960
131971
131978
131997
132126
132464
132889
132929
133109
133154
133243
133419
133542
133593
133635
133663
133665
133792
133846
133935
134019
134042
134111
134112
134353
134475
134610
134754
134893
134934
135027
135081
135244
135393
135428
135535
135743
135946
136181
136429
136682
136757
137039
137056
137203
137661
137730
138063
138075
138394
138425
138552
138610
138644
138645
138724
138875
138977
139302
139344
139373
139399
139409
139585
139804
139972
140124
140191
140247
140405
140566
140967
141176
141348
141707
141927
141937
142041
142044
142093
142541
142587
142781
142797
142844
143012
143024
143152
143301
143349
143621
143722
143864
143982
144008
144088
144336
144538
144707
144800
144941
145052
145353
145447
145499
145591
145774
145852
145994
146070
146319
146478
146481
147041
147328
147445
147446
147502
147612
147744
147811
147825
147982
148516
148694
148756
149313
149393
149445
149564
149570
149715
150195
150476
150593
150702
150821
150827
150829
150830
150843
151016
151190
151232
151252
151284
151410
151700
151704
151740
151972
151977
152207
152274
152651
152898
153178
153210
153340
153425
153578
153897
153904
154098
154460
154583
154663
154679
154822
154885
155027
155074
155113
155209
155262
155401
155681
156009
156069
156088
156101
156148
156661
157024
157338
157627
157729
157874
157952
158160
158282
158364
158747
158763
158921
158935
158940
159359
159384
159640
159749
159894
160286
160287
160839
160956
161141
161294
161491
161583
161589
161635
161650
161688
161810
161820
161935
162433
162791
162927
163136
163318
163340
163771
163783
163994
164013
164203
164652
164692
164998
165009
165453
165587
166438
166669
166809
166936
167037
167170
167368
168075
168081
168088
168216
168542
168682
168746
169038
169100
169246
169423
169484
169728
169793
169826
169842
170168
170229
170314
170503
171134
171163
171402
171584
171734
172293
172487
172679
172787
172857
173389
173404
173466
173849
173964
174053
174414
174453
174490
174512
174662
174670
174695
174697
174702
174707
174711
174713
174722
174724
174734
174774
174779
174799
174803
174809
174816
174818
174822
174828
174892
174900
174927
174928
174930
174931
174936
174949
174955
174966
174977
174995
174998
175010
175027
175034
175044
175055
175060
175090
175100
175121
175122
175133
175157
175169
175175
175179
175210
175220
175222
175239
175251
175285
175328
175423
175451
175468
175484
175499
175515
175543
175546
175572
175574
175576
175577
175622
175624
175635
175655
175677
175688
175701
175711
175714
175720
175747
175766
175792
175797
175815
175818
175836
175855
175862
175873
175874
175884
175889
175903
175910
175930
175931
175934
175964
175969
175974
176001
176004
176010
176031
176052
176115
176130
176143
176153
176180
176204
176216
176218
176252
176264
176296
176297
176300
176373
176385
176398
176401
176423
176432
176440
176464
176492
176562
176572
176573
176604
176626
176653
176681
176703
176720
176760
176772
176805
176832
176866
176881
176899
176928
176930
176946
176948
176951
176973
176990
176997
177031
177062
177080
177122
177126
177157
177181
177191
177234
177271
177274
177291
177301
177336
177348
177349
177362
177366
177370
177396
177399
177404
177413
177422
177431
177445
177451
177482
177528
177545
177564
177590
177624
177632
177637
177653
177681
177707
177727
177752
177755
177763
177775
177796
177804
177809
177840
177877
177879
177915
177916
177919
177929
177949
177957
177982
177992
178012
178022
178033
178047
178101
178178
178188
178201
178205
178207
178224
178227
178233
178236
178238
178239
178246
178249
178266
178276
178294
178295
178305
178331
178366
178414
178424
178470
178493
178502
178536
178569
178631
178635
178645
178687
178730
178732
178740
178766
178779
178799
178836
178872
178882
178934
178940
178971
178980
178999
179036
179055
179077
179104
179123
179128
179166
179208
179213
179223
179233
179249
179270
179301
179305
179333
179361
179365
179396
179401
179444
179468
179503
179507
179543
179583
179585
179631
179676
179683
179693
179710
179723
179728
179731
179788
179796
179824
179828
179840
179852
179860
179874
179887
179894
179896
179939
179954
179972
179975
179988
180000
180003
180015
180020
180083
180127
180166
180170
180239
180247
180254
180258
180265
180271
180273
180280
180289
180291
180302
180368
180409
180413
180422
180440
180465
180474
180476
180496
180521
180526
180540
180552
180581
180610
180615
180626
180636
180638
180657
180673
180683
180700
180705
180722
180748
180776
180811
180823
180840
180854
180860
180873
180876
180884
180904
180931
180937
180938
180942
180944
180968
180972
180975
181002
181017
181072
181076
181084
181095
181139
181151
181167
181174
181175
181191
181201
181214
181217
181239
181243
181262
181265
181291
181339
181349
181367
181383
181400
181409
181410
181424
181460
181477
181490
181503
181511
181518
181524
181541
181566
181570
181579
181599
181611
181614
181640
181647
181652
181671
181673
181678
181697
181702
181704
181711
181718
181727
181768
181783
181786
181802
181808
181815
181830
181831
181851
181871
181872
181876
181895
181898
181924
181949
181979
181980
181981
181983
181998
182039
182051
182065
182070
182076
182077
182083
182091
182124
182133
182141
182164
182168
182183
182238
182256
182263
182287
182310
182328
182329
182341
182354
182361
182405
182410
182413
182444
182486
182505
182552
182565
182583
182591
182602
182604
182606
182619
182624
182628
182630
182655
182673
182681
182684
182737
182780
182787
182898
182903
182912
182930
182976
182979
182986
183001
183042
183059
183064
183120
183123
183127
183158
183166
183184
183209
183223
183224
183242
183249
183260
183271
183311
183312
183320
183382
183400
183403
183409
183430
183445
183450
183462
183469
183500
183503
183518
183529
183538
183560
183570
183639
183656
183674
183680
183752
183760
183761
183770
183779
183807
183820
183823
183829
183835
183872
183897
183928
183931
183969
183978
183993
183994
183995
183996
184043
184056
184063
184064
184074
184090
184126
184129
184136
184153
184177
184181
184199
184236
184262
184281
184284
184296
184309
184315
184340
184351
184369
184374
184375
184383
184402
184422
184435
184442
184446
184458
184493
184521
184524
184533
184536
184568
184578
184580
184583
184596
184623
184628
184637
184651
184673
184695
184725
184727
184765
184798
184812
184838
184869
184871
184874
184885
184890
184892
184931
184962
184964
185010
185031
185068
185070
185090
185128
185167
185181
185204
185215
185216
185217
185219
185241
185253
185266
185275
185276
185292
185312
185313
185330
185340
185349
185370
185373
185380
185382
185394
185405
185416
185422
185432
185451
185452
185466
185472
185495
185498
185506
185513
185522
185544
185547
185560
185572
185574
185584
185590
185609
185622
185630
185633
185635
185642
185645
185652
185653
185672
185675
185682
185689
185702
185715
185719
185721
185781
185792
185807
185818
185844
185845
185891
185910
185919
185927
185933
185954
185978
185986
185993
186027
186058
186061
186074
186087
186097
186109
186145
186156
186158
186177
186178
186181
186186
186189
186204
186210
186211
186233
186245
186247
186262
186279
186304
186385
186413
186426
186450
186455
186458
186459
186478
186486
186487
186492
186506
186518
186524
186564
186565
186587
186610
186613
186655
186667
186676
186681
186687
186698
186715
186736
186743
186745
186756
186760
186771
186796
186819
186834
186842
186853
186858
186862
186881
186889
186955
186982
186985
187001
187023
187046
187077
187088
187124
187125
187141
187170
187223
187242
187266
187275
187293
187312
187354
187375
187426
187437
187447
187450
187458
187466
187472
187493
187498
187544
187574
187589
187598
187606
187611
187617
187634
187673
187680
187705
187729
187770
187772
187803
187821
187833
187843
187867
187903
187911
187925
187948
187955
187974
187985
187993
187995
188007
188039
188049
188054
188066
188073
188090
188104
188142
188155
188167
188180
188184
188185
188201
188219
188223
188236
188239
188243
188262
188281
188306
188308
188331
188378
188389
188394
188396
188408
188419
188422
188430
188452
188458
188467
188471
188479
188484
188523
188549
188560
188575
188608
188611
188618
188619
188631
188651
188652
188664
188667
188676
188684
188696
188699
188716
188730
188746
188756
188757
188764
188771
188775
188795
188800
188816
188820
188832
188838
188848
188857
188894
188925
188927
188945
188950
188974
188990
188994
189004
189028
189030
189074
189079
189106
189122
189160
189165
189171
189190
189212
189219
189244
189257
189266
189277
189279
189286
189300
189313
189319
189322
189325
189338
189342
189348
189381
189395
189398
189410
189421
189426
189427
189452
189466
189511
189515
189573
189588
189597
189609
189616
189635
189644
189651
189681
189689
189690
189693
189705
189720
189722
189737
189796
189822
189848
189858
189869
189887
189895
189898
189919
189924
189929
189956
189972
189991
189995
190015
190027
190035
190042
190048
190075
190076
190082
190087
190105
190110
190127
190132
190133
190176
190180
190200
190223
190228
190231
190278
190286
190291
190312
190314
190317
190344
190390
190395
190397
190422
190437
190450
190468
190482
190501
190508
190512
190521
190532
190545
190562
190564
190600
190611
190644
190649
190650
190687
190706
190718
190726
190730
190737
190744
190751
190806
190817
190826
190829
190852
190857
190863
190870
190876
190886
190911
190921
190930
190934
190935
190961
191012
191037
191046
191064
191085
191087
191125
191127
191137
191163
191171
191187
191202
191205
191239
191240
191259
191273
191297
191301
191409
191474
191480
191499
191551
191664
191673
191713
191720
191758
191772
191853
191866
191881
191893
191982
191986
192005
192179
192190
192210
192214
192223
192327
192436
192438
192457
192486
192522
192564
192576
192590
192616
192630
192633
192718
192722
192730
192809
192827
192831
192891
192945
192968
193002
193014
193029
193094
193122
193138
193147
193168
193179
193294
193307
193338
193476
193528
193541
193571
193586
193653
193727
193933
193964
193968
193975
194057
194065
194074
194132
194139
194162
194202
194257
194304
194363
194422
194423
194473
194478
194537
194568
194647
194668
194686
194712
194886
194888
194935
194950
194972
195016
195156
195173
195249
195284
195290
195322
195334
195336
195407
195580
195584
195637
195663
195732
195750
195775
195786
195816
195827
195909
195972
195973
195996
196158
196377
196483
196700
196788
196825
196884
196911
196971
197174
197443
197448
197727
197823
197895
197903
197963
197965
198124
198151
198156
198281
198282
198324
198365
198377
198382
198698
198842
198892
198970
199295
199329
199356
199491
199782
200132
200427
200523
200551
200765
200831
200901
200910
201106
201248
201420
201491
201902
202019
202788
202846
202911
203627
203779
203836
203859
203867
203929
204449
204652
204840
204880
204887
205050
205380
205460
205572
205587
206105
206328
206421
206569
206672
206726
207096
207128
207156
207196
207337
207588
207922
208673
208815
209408
209621
209963
209972
210252
210482
210697
210792
210912
210967
211297
211463
211535
211551
211622
211770
211813
212103
212494
212523
212617
212681
212743
212791
213193
213503
213555
213638
213908
213923
214169
214208
214256
214318
214893
215250
215425
215439
215563
215845
215931
216040
216048
216191
216357
216564
216597
216765
216806
216813
217008
217056
217144
217387
217398
217407
217424
217711
217855
217978
218106
218584
218795
218899
219134
219246
219249
219268
219408
219441
219501
219712
219939
220392
220465
220626
220733
220830
221032
221156
221184
221385
221536
221571
221576
221677
221846
221911
222041
222355
222459
222709
223208
223932
224001
224025
224120
224165
224203
224565
224577
224694
225231
225446
225802
226005
226189
226611
226646
226728
226742
226743
226881
226889
226951
227045
227123
227138
227634
227823
228140
228192
228428
228430
228569
228894
228960
229028
229389
229474
230466
230540
230573
230762
230967
230991
231011
231072
231102
231204
231296
231423
231443
231624
231744
231952
231982
232038
232109
232485
232504
233101
233184
233207
233285
233332
233395
233539
233541
233673
233767
233968
234005
234306
234361
234663
234693
234842
235285
235496
236361
236384
236397
236822
236901
237796
237809
237879
238022
238268
238325
238390
238396
238466
238479
238697
238748
239080
239174
239484
239551
239644
239720
239854
239865
240269
240499
240558
241140
241301
241531
241880
242000
242069
242471
242492
242646
242713
242811
242906
243136
243143
243330
243538
243609
243916
243949
243954
244337
244506
245096
245273
245413
245800
245995
246331
246450
246621
246661
246890
246936
247027
247041
247597
247624
247723
247868
248147
248172
248363
248394
248653
248701
249104
249129
249982
250057
250111
250133
250279
250431
250662
250676
250858
250888
250903
251049
251367
251418
251614
251782
251977
251994
252069
252207
252277
252651
253222
253227
253376
253547
253722
254200
254379
254940
255340
255514
255543
255590
256326
256499
256542
256552
256731
256756
256834
256881
256902
257125
257169
257483
257501
257536
257596
257718
257824
258058
258099
258363
258614
259061
259202
259246
259440
259445
259872
259874
259890
260159
260303
260376
260453
260686
261089
261131
261135
261198
261304
261324
261589
261848
261908
261962
261977
262048
262095
262430
262579
262775
262871
263007
263020
263366
263563
263601
263682
264006
264036
264689
264817
265285
265458
265639
265728
266386
266593
267339
267340
267393
267474
267529
267549
268016
268021
268425
268510
269091
269373
269739
270086
270166
270209
270437
271104
271329
271400
271724
271776
272062
272477
272528
272616
272843
273245
273360
273416
273421
273635
274669
275112
275168
275384
275474
275590
276112
276597
276919
277010
277190
277546
277610
278390
279581
279644
279645
280425
280653
280897
280923
280996
281266
281334
281772
281780
281820
281875
282762
282954
283001
283046
283413
283620
283770
284209
284491
284644
284780
285765
285906
286383
286642
286678
286922
286962
287294
287296
287759
288086
288277
288725
288915
288938
288973
289139
289635
289973
290363
290649
290795
290922
291404
291457
291697
291808
291932
292521
292541
292602
292832
292969
293000
293204
293317
293319
293517
293533
293918
294313
295050
295380
295476
295577
296314
296539
297095
297358
297391
297409
297447
297539
297544
297622
297672
297823
298008
298068
298362
298473
298656
298890
298914
299995
300064
300117
300347
300697
301149
301401
301406
301447
301459
301640
302561
302891
303230
303650
304073
304109
304240
304550
304625
304744
305354
305862
305942
305983
306055
306764
306787
306914
306946
307127
307182
307472
308307
308797
309498
309986
310568
311342
311393
312136
313387
314208
314222
314275
314549
314649
314721
314784
314851
314905
315131
315158
315204
315391
315417
315439
315473
315644
315746
315749
315896
316113
316149
316272
316312
316359
316415
316644
316682
316693
316772
316925
317139
317403
317495
319024
319287
319504
321173
323637
323692
323706
323767
323829
323890
324350
324520
324579
324598
324617
324647
324680
324752
324769
324808
324852
324897
325021
325049
325310
325369
325379
325480
325484
325496
325620
325621
325999
326011
326080
326318
326326
326378
326664
326736
326856
327052
327177
327205
327219
327234
327279
327476
327655
327761
327861
327910
327925
328334
328401
328665
328667
328893
328899
329250
329292
329357
329367
329588
329642
329694
329804
329854
330134
330556
330714
331153
331154
331424
331513
331587
331604
331829
331869
331892
331948
332018
332386
332556
332654
332929
332941
332967
333181
333255
333336
333429
333589
333913
333985
334048
334174
334197
334330
334473
334501
334532
334663
334699
334866
334960
335146
335360
335364
335383
335460
335562
335605
335637
335814
335851
335870
335875
336179
336203
336387
336401
336459
336545
336558
336779
336825
336988
337009
337288
337399
337510
337550
337596
337664
337721
337740
337946
337970
338027
338034
338064
338081
338093
338096
338192
338359
338550
338567
338587
338598
338711
338819
339126
339208
339339
339342
339382
339508
339555
339576
339602
339607
339636
339885
339887
339962
340055
340205
340677
340691
340696
340715
340774
340947
340983
340991
341000
341032
341084
341623
341768
341786
341822
341989
342068
342076
342101
342233
342295
342321
342377
342467
342538
342553
342648
342730
342857
342941
343143
343725
343878
343949
344140
344340
344551
344714
344853
344974
345660
345733
345780
345922
345929
345971
346010
346137
346209
346447
346487
346712
346867
346902
346913
347166
347304
347322
347541
347857
347976
348086
348125
348161
348344
348429
348463
348547
348574
348690
349035
349148
349151
349263
349329
349361
349817
349974
349979
350127
350246
350290
350337
350864
350915
351160
351426
351447
351511
351782
351874
352023
352057
352069
352261
352297
352555
352761
352811
352838
353723
354519
354628
354816
354863
355250
355406
355480
355615
355664
355821
355881
356271
356522
356540
356713
356843
357321
357401
357404
357524
358044
358601
358697
358833
358905
358912
358947
359007
359120
359373
359445
359866
360176
360251
360647
360763
360993
361059
361333
361386
361738
362421
362553
362736
362957
363119
363130
363148
363198
363566
363621
364002
364048
364365
364441
364466
364507
364637
364642
364675
364712
364765
364766
364838
364860
364958
364999
365108
365231
365239
365268
365316
365732
365755
365969
366031
366182
366268
366389
366398
366479
366493
366620
366683
366847
366906
367294
367736
367833
367906
367914
367919
368391
368471
368593
368806
368988
369084
369127
369247
369290
369425
369695
369729
369989
370249
370364
370613
370681
371184
371372
371692
371865
372589
372766
372889
372933
373058
373161
374122
374466
374568
374809
374956
375235
375725
376383
376520
376556
376693
377505
377802
377843
377969
377976
378906
379016
379021
379263
380200
380744
381132
381370
381389
381483
381536
381538
381605
381905
382075
382867
382998
383016
383051
383092
383727
384807
384813
384827
384833
384934
384957
384973
384995
385019
385041
385063
385065
385213
385240
385250
385251
385252
385284
385302
385325
385401
385424
385463
385499
385514
385568
385570
385581
385750
385769
385802
385862
385916
385919
385970
385988
385998
386048
386065
386076
386139
386141
386254
386275
386282
386337
386417
386483
386587
386616
386656
386766
386839
386907
386921
386967
387019
387044
387118
387139
387155
387250
387285
387298
387318
387406
387421
387444
