11 2330572
14 2329044
28 2462607
30 2337315
32 2346374
36 2431301
45 2367940
55 2361074
58 2341534
59 2360929
67 2348111
74 2343358
82 2444407
83 2454137
89 2455232
92 2334605
98 2320466
108 2368501
113 2247610
121 2462909
128 2301160
131 2411377
132 2279998
133 2461205
136 2374005
141 2360533
164 2374302
171 2462113
173 2374880
178 2362734
190 2459483
191 2330541
193 2371031
202 2298445
204 2451211
217 2351667
219 2436423
229 2454049
242 2325891
250 2461817
252 2243186
266 2326749
270 2392199
279 2407175
281 2441401
283 2467273
285 2459277
286 2373046
319 2291637
328 2458359
331 2357529
333 2287066
338 2368970
339 2276442
346 2283012
351 2465367
352 2274880
362 2236884
373 2353915
388 2443617
389 2320768
405 2353244
411 2236840
425 2360839
431 2370493
435 2359018
446 2351632
452 2248204
454 2332297
474 2237056
477 2313121
489 2448448
506 2252229
507 2344803
515 2410729
522 2358804
527 2359339
529 2236983
547 2355147
559 2358294
568 2243804
577 2243292
578 2381970
580 2454839
582 2332997
590 2391283
609 2353151
618 2356237
626 2275709
628 2301747
630 2337675
645 2352130
654 2344831
655 2327859
664 2254042
668 2373736
683 2304857
692 2374763
697 2315646
729 2467601
737 2371607
761 2362751
776 2307852
778 2368062
781 2462353
784 2466239
787 2301275
788 2357664
794 2353881
797 2383799
799 2250006
801 2438331
802 2433287
805 2362776
822 2438112
826 2379259
827 2442945
850 2422495
861 2350570
868 2442181
869 2237394
870 2368779
894 2334201
907 2248886
925 2251341
926 2364963
927 2418075
928 2371894
935 2265653
936 2432881
939 2416791
942 2463981
947 2286395
950 2454209
951 2238353
955 2369674
958 2269156
967 2381885
984 2245720
1000 2443205
1002 2374481
1009 2359887
1015 2341687
1017 2444007
1020 2466559
1022 2339514
1024 2366135
1028 2405043
1030 2253193
1032 2376501
1040 2436885
1043 2359460
1053 2355603
1058 2253165
1070 2327674
1074 2355808
1081 2463673
1082 2428921
1090 2241734
1093 2360623
1098 2417773
1100 2281724
1103 2441161
1110 2362087
1111 2453133
1112 2245494
1114 2450167
1117 2360831
1132 2370173
1137 2257054
1141 2276708
1144 2371966
1151 2462877
1155 2323913
1159 2426959
1164 2413865
1169 2288923
1182 2451997
1188 2382423
1198 2249450
1210 2319734
1217 2254425
1222 2426527
1232 2252789
1239 2439913
1242 2240365
1244 2248887
1246 2241289
1253 2461835
1259 2424791
1267 2371767
1275 2382516
1278 2237874
1283 2453819
1294 2270836
1299 2460965
1311 2237953
1312 2462123
1316 2315112
1317 2444591
1320 2451501
1330 2270188
1337 2356483
1343 2373054
1344 2338135
1348 2237962
1359 2352319
1361 2461887
1365 2362325
1368 2339599
1370 2365400
1384 2370081
1390 2371624
1392 2342519
1402 2357309
1403 2259583
1405 2464089
1413 2248498
1430 2381789
1464 2368464
1466 2373804
1492 2253933
1498 2433709
1506 2454360
1513 2372912
1518 2367532
1524 2317787
1557 2238232
1568 2460447
1573 2339153
1577 2314388
1589 2448749
1636 2315644
1639 2238367
1643 2453859
1648 2334347
1650 2453933
1653 2445221
1666 2301975
1668 2425477
1669 2238470
1672 2382007
1681 2362649
1693 2346854
1700 2433747
1703 2238420
1704 2464665
1709 2437881
1713 2313114
1716 2241864
1732 2370289
1754 2377883
1759 2240439
1762 2304704
1763 2250424
1764 2292051
1784 2359379
1808 2336210
1824 2328600
1829 2331165
1836 2373945
1842 2294123
1846 2238602
1850 2426201
1851 2405269
1852 2373194
1854 2251048
1859 2372242
1861 2378145
1865 2373453
1875 2238966
1885 2359053
1886 2431127
1889 2371321
1892 2238664
1897 2359341
1909 2374883
1911 2238693
1916 2350156
1933 2451818
1934 2314736
1940 2444797
1941 2357863
1952 2461969
1953 2310460
1975 2449441
1983 2277539
2020 2409754
2024 2413603
2038 2464288
2040 2306686
2041 2371066
2044 2365115
2077 2428115
2080 2290155
2087 2423918
2090 2452909
2104 2320878
2107 2342557
2132 2259918
2135 2245092
2136 2361305
2161 2324445
2189 2465121
2196 2413605
2198 2413591
2200 2239028
2203 2260904
2207 2352188
2208 2449045
2217 2466169
2244 2372273
2245 2311805
2249 2239091
2262 2467417
2296 2392509
2297 2298564
2328 2364432
2360 2320841
2366 2353680
2372 2309034
2374 2252750
2382 2399167
2384 2253029
2386 2253053
2391 2367646
2392 2342701
2404 2239280
2407 2464383
2410 2358875
2413 2239299
2422 2298728
2425 2239314
2427 2450653
2430 2242219
2432 2368952
2450 2239338
2460 2265679
2468 2268343
2471 2286666
2478 2466327
2484 2239414
2488 2239432
2492 2239433
2493 2239437
2496 2239445
2511 2388413
2572 2239567
2573 2239552
2583 2319232
2603 2239584
2646 2256491
2654 2340281
2655 2460445
2666 2239700
2713 2239762
2761 2365835
2771 2317167
2772 2399335
2776 2370348
2777 2435823
2782 2427411
2786 2432223
2788 2294990
2795 2299625
2804 2370540
2805 2387921
2807 2322657
2815 2239921
2818 2332504
2819 2399433
2835 2267094
2852 2361518
2861 2461865
2879 2324492
2888 2242400
2892 2364233
2897 2364860
2903 2363693
2908 2262638
2912 2354054
2921 2393631
2922 2246952
2931 2240065
2933 2255882
2936 2370823
2939 2348267
2948 2283998
2949 2339529
2950 2396735
2958 2344474
2961 2441937
2962 2332859
2973 2349403
2975 2247525
2976 2404807
2979 2373968
2988 2305457
2995 2303835
3018 2439653
3022 2318023
3023 2254472
3035 2240198
3047 2373000
3060 2379397
3075 2344027
3093 2399599
3094 2344038
3099 2313034
3101 2398333
3102 2318586
3109 2462819
3116 2450861
3120 2318795
3128 2386265
3130 2297613
3131 2430039
3140 2368937
3141 2308794
3147 2329656
3156 2367025
3160 2465651
3167 2347404
3168 2278590
3170 2240420
3171 2386509
3206 2441877
3210 2453848
3229 2292278
3235 2467127
3251 2340773
3260 2374050
3275 2240541
3277 2460855
3282 2341066
3286 2434990
3289 2293955
3291 2463311
3292 2419725
3294 2348169
3302 2371626
3315 2240590
3324 2369750
3339 2248441
3340 2426751
3351 2402689
3352 2456899
3356 2361179
3382 2298635
3386 2349052
3400 2240693
3410 2435515
3420 2294829
3424 2349372
3430 2316478
3439 2367622
3443 2465797
3448 2466787
3462 2435565
3477 2310064
3490 2356574
3515 2294407
3524 2434121
3535 2435061
3541 2465601
3544 2241593
3556 2325005
3558 2423791
3560 2313726
3561 2373507
3564 2430566
3584 2360818
3589 2316907
3595 2240951
3599 2371578
3606 2240965
3623 2243089
3634 2369161
3635 2452756
3645 2302168
3661 2449717
3666 2269039
3671 2241045
3672 2373854
3678 2366516
3680 2435539
3700 2424833
3704 2246516
3707 2359558
3710 2416205
3726 2350902
3731 2393051
3734 2252186
3735 2252412
3742 2427621
3762 2287865
3766 2450659
3769 2467309
3777 2366587
3799 2328836
3835 2241457
3837 2371696
3865 2372320
3873 2335645
3887 2345040
3894 2425229
3897 2343180
3908 2361744
3927 2463581
3939 2465928
3941 2361173
3944 2245418
3955 2361211
3973 2241523
3975 2331232
3988 2342142
3992 2293643
3993 2291732
3994 2341800
4035 2351336
4042 2271266
4055 2419402
4092 2311080
4106 2241619
4111 2372072
4127 2241679
4139 2334618
4146 2241732
4179 2295972
4205 2365095
4215 2369388
4225 2370313
4244 2364038
4247 2465022
4263 2327469
4283 2241896
4284 2310659
4299 2332237
4308 2367388
4311 2369438
4323 2241960
4327 2318621
4331 2344864
4371 2379341
4375 2276465
4381 2269032
4384 2288870
4385 2270944
4396 2242107
4412 2242036
4431 2251071
4437 2367852
4438 2410660
4441 2324753
4450 2324155
4465 2463943
4468 2456219
4509 2422125
4510 2242319
4515 2360133
4529 2242229
4534 2275902
4559 2242232
4565 2429805
4569 2332118
4571 2242253
4594 2243410
4598 2349458
4599 2431015
4610 2461600
4611 2356327
4616 2460912
4626 2417484
4639 2369407
4658 2305109
4659 2242384
4684 2318943
4685 2398875
4701 2365197
4705 2334387
4707 2323958
4708 2324442
4725 2339542
4738 2246634
4749 2373307
4787 2446033
4791 2462445
4796 2379085
4809 2370040
4827 2242602
4847 2356717
4850 2267590
4861 2454719
4868 2390031
4886 2266403
4906 2305323
4915 2255401
4923 2333137
4930 2420376
4933 2314523
4963 2261555
5000 2365091
5007 2243615
5014 2242844
5017 2286217
5027 2340584
5042 2243002
5045 2462907
5070 2358492
5074 2461612
5077 2373826
5097 2455249
5101 2453089
5110 2442199
5112 2431629
5115 2242980
5121 2347058
5137 2368730
5147 2252069
5160 2355475
5175 2370346
5191 2333108
5196 2243190
5212 2365371
5213 2348284
5233 2352358
5241 2299919
5263 2415895
5265 2341320
5266 2319956
5276 2272994
5283 2434427
5287 2311389
5289 2417835
5292 2435933
5297 2399645
5299 2381379
5310 2355720
5317 2351876
5323 2353504
5324 2370898
5346 2250639
5348 2336505
5349 2364917
5370 2243375
5377 2254182
5397 2437925
5409 2356227
5429 2243696
5437 2415403
5496 2254408
5520 2364034
5536 2243580
5537 2371929
5542 2287631
5550 2330505
5577 2345786
5621 2461771
5622 2365126
5628 2422457
5639 2366701
5643 2243720
5665 2368068
5677 2411573
5679 2373358
5698 2343427
5705 2366506
5738 2243921
5739 2368171
5753 2303302
5758 2243974
5759 2368777
5771 2373858
5781 2371442
5797 2425309
5824 2244413
5831 2309295
5853 2244007
5862 2244199
5863 2244025
5894 2244064
5916 2247836
5917 2338276
5925 2249108
5930 2292319
5939 2341324
5942 2244152
5943 2244228
5956 2244374
5969 2374721
5973 2244183
5983 2346552
5986 2265361
5998 2404701
6000 2251964
6004 2244284
6008 2364276
6014 2413889
6033 2450222
6039 2462418
6070 2244333
6080 2450285
6086 2416041
6096 2413727
6104 2451721
6110 2315281
6111 2345696
6112 2350433
6115 2341330
6127 2244409
6141 2292894
6148 2307652
6173 2370612
6236 2373231
6248 2464613
6264 2383317
6268 2333951
6293 2366699
6321 2244650
6326 2304283
6332 2441993
6370 2292751
6384 2244885
6413 2344408
6447 2427277
6470 2410755
6471 2244859
6479 2282170
6498 2371319
6499 2245257
6502 2245254
6510 2331086
6521 2374638
6523 2244947
6532 2344178
6542 2259343
6544 2330609
6569 2370979
6570 2271815
6580 2416451
6586 2245147
6589 2261669
6600 2436149
6619 2349427
6644 2264405
6676 2351250
6699 2348358
6704 2464095
6717 2320395
6738 2281897
6756 2373486
6760 2254643
6808 2245340
6809 2355600
6814 2274720
6820 2341010
6831 2368025
6850 2245417
6865 2373109
6873 2394427
6883 2280902
6891 2401355
6901 2406429
6907 2368841
6916 2446242
6930 2265565
6964 2252922
6970 2362742
6978 2354505
6995 2446815
7006 2289124
7007 2289125
7011 2389435
7016 2246531
7021 2359555
7027 2292346
7047 2415141
7053 2265062
7060 2289237
7065 2245697
7066 2289280
7075 2319029
7076 2456081
7080 2352604
7087 2461399
7089 2368697
7107 2266346
7111 2462639
7115 2245854
7140 2369359
7148 2417087
7152 2420527
7153 2365604
7167 2338028
7198 2386629
7221 2245925
7272 2359510
7275 2314257
7287 2359405
7288 2382995
7333 2370466
7356 2274671
7358 2261285
7366 2320176
7369 2446373
7397 2246360
7399 2420979
7402 2386893
7450 2321827
7468 2461769
7492 2350980
7529 2383169
7538 2454817
7541 2246317
7567 2454497
7575 2432797
7585 2246765
7591 2299831
7592 2452545
7619 2461105
7624 2286032
7632 2430833
7648 2246476
7654 2268174
7677 2246526
7748 2392135
7802 2449987
7813 2246705
7818 2246711
7825 2424114
7845 2415941
7886 2267378
7937 2334429
7985 2249021
7994 2380181
8005 2354353
8009 2369204
8012 2288986
8035 2292045
8057 2362671
8062 2344427
8074 2361971
8077 2371694
8118 2453447
8127 2456271
8145 2466167
8158 2373352
8166 2450288
8172 2247188
8178 2344280
8186 2358743
8206 2308025
8227 2299836
8235 2248371
8251 2458150
8274 2438541
8294 2247364
8299 2439535
8317 2388169
8326 2391912
8332 2422729
8334 2361544
8341 2248543
8359 2247441
8380 2443779
8402 2363888
8405 2317488
8426 2429727
8429 2360475
8432 2338703
8442 2348199
8460 2335335
8508 2343491
8515 2447509
8523 2364176
8528 2405572
8537 2377551
8545 2247723
8560 2377623
8593 2247825
8602 2248757
8607 2274434
8616 2402773
8626 2371909
8627 2247833
8629 2333688
8631 2250441
8643 2251607
8646 2443217
8647 2303209
8662 2366568
8663 2247889
8709 2298643
8719 2366048
8734 2449831
8744 2362179
8778 2330321
8793 2292008
8826 2441439
8838 2364242
8839 2444215
8868 2329049
8906 2367493
8912 2431997
8923 2426619
8937 2319027
8946 2369232
8980 2365472
8981 2337965
9000 2248333
9004 2248337
9015 2372629
9020 2453625
9025 2349114
9034 2358252
9046 2462021
9060 2248414
9063 2365032
9068 2375807
9096 2459083
9128 2248503
9133 2348402
9146 2248523
9147 2465945
9149 2371060
9163 2428831
9167 2248558
9173 2463231
9174 2316337
9179 2374617
9185 2267335
9196 2404009
9211 2360867
9223 2253066
9231 2248654
9247 2248673
9253 2367539
9293 2350146
9331 2456791
9339 2446752
9344 2367014
9349 2458895
9356 2456024
9365 2296190
9372 2257857
9373 2315931
9381 2465599
9384 2334050
9385 2248868
9391 2415763
9392 2430955
9395 2458547
9396 2366893
9405 2426603
9406 2461827
9408 2460851
9409 2382839
9420 2379441
9422 2336038
9424 2257128
9425 2372202
9428 2320315
9429 2385277
9433 2408291
9444 2347727
9451 2249065
9458 2287038
9470 2411913
9484 2249003
9498 2305672
9513 2417722
9524 2374387
9526 2323336
9531 2342170
9532 2361758
9540 2466877
9554 2444629
9560 2415989
9590 2315628
9591 2334278
9615 2363582
9635 2371774
9638 2282565
9694 2373548
9707 2364899
9708 2342599
9736 2371419
9748 2326649
9760 2456159
9774 2357520
9804 2249491
9828 2366076
9832 2456017
9850 2332182
9866 2267550
9876 2364208
9879 2254572
9883 2331852
9898 2294065
9900 2249573
9940 2359928
9944 2448748
9969 2347548
9973 2343782
9998 2454591
10002 2249720
10004 2249723
10008 2326975
10012 2302043
10020 2251094
10048 2430533
10051 2457495
10057 2336991
10061 2372362
10062 2439458
10072 2249808
10076 2249812
10091 2367418
10099 2251210
10109 2415995
10142 2430705
10144 2344786
10166 2447119
10185 2369735
10208 2359498
10222 2315965
10242 2316553
10260 2453657
10280 2366610
10286 2439545
10310 2316763
10315 2368046
10316 2250285
10355 2253454
10411 2465368
10450 2316148
10476 2349429
10489 2313879
10501 2448547
10520 2368094
10528 2332613
10543 2447855
10590 2306561
10591 2254844
10603 2250551
10625 2333756
10730 2442888
10736 2250749
10742 2416641
10780 2457700
10782 2374292
10798 2360724
10803 2299423
10806 2383685
10812 2370354
10813 2460645
10827 2431048
10833 2399339
10835 2299047
10843 2456523
10853 2456607
10862 2308612
10891 2339695
10906 2417399
10914 2445097
10924 2321656
10933 2251254
10936 2305969
10940 2305978
10945 2465083
10965 2452885
10970 2325545
10981 2371123
11016 2319330
11018 2287707
11020 2251165
11052 2427759
11092 2432767
11096 2320174
11097 2275657
11100 2459869
11115 2459993
11128 2433265
11142 2296758
11146 2364485
11151 2450844
11153 2251365
11190 2462275
11218 2446329
11275 2253908
11289 2251550
11311 2438532
11368 2465427
11399 2422463
11404 2434259
11414 2252138
11445 2464063
11463 2461063
11467 2331736
11495 2320616
11498 2398443
11524 2251887
11530 2252014
11568 2336655
11571 2344845
11578 2425911
11589 2252119
11598 2431795
11608 2252154
11611 2313104
11615 2262142
11620 2371386
11636 2448649
11643 2381709
11652 2359419
11666 2367371
11673 2275424
11686 2312416
11720 2432765
11748 2252373
11767 2288209
11774 2367776
11785 2252355
11849 2386203
11859 2252440
11862 2372795
11881 2252447
11893 2301742
11943 2290264
11947 2424964
11962 2252583
11963 2252581
11972 2456533
11973 2252861
11975 2254100
12000 2256679
12022 2333054
12028 2452196
12085 2252736
12149 2253335
12161 2348071
12182 2368983
12216 2464143
12221 2254000
12237 2452390
12245 2374254
12258 2252992
12273 2373774
12275 2332159
12292 2269867
12311 2413189
12313 2253068
12316 2344184
12321 2358334
12340 2411973
12374 2253764
12394 2362915
12395 2445988
12415 2253196
12417 2352223
12449 2447249
12477 2253617
12483 2273639
12489 2357507
12500 2378663
12519 2253334
12541 2299445
12544 2442725
12562 2337155
12572 2258584
12590 2253435
12603 2379101
12605 2363111
12606 2414947
12622 2369963
12632 2462219
12634 2360134
12641 2253505
12662 2253535
12664 2301699
12670 2278848
12672 2253830
12684 2371425
12698 2395831
12708 2457492
12712 2348584
12722 2354726
12727 2413469
12728 2254082
12753 2356531
12766 2366318
12768 2406073
12800 2346778
12801 2306406
12811 2402767
12847 2297298
12882 2273590
12887 2399977
12905 2373070
12909 2451165
12910 2423875
12916 2337833
12924 2356299
12945 2465988
12946 2455847
12953 2253977
12961 2444690
12975 2254006
13007 2431151
13008 2436514
13038 2254096
13076 2338150
13079 2254278
13093 2254171
13112 2372281
13113 2397863
13121 2331961
13124 2267804
13130 2337608
13150 2304522
13156 2449917
13197 2417735
13201 2371161
13213 2335532
13217 2427655
13230 2461727
13254 2374813
13258 2353353
13264 2359201
13279 2363238
13299 2405115
13306 2463705
13335 2320409
13354 2254594
13357 2254553
13359 2461553
13360 2456375
13369 2373665
13394 2268382
13403 2254625
13407 2430459
13444 2356205
13468 2254720
13489 2448967
13495 2301446
13548 2273339
13561 2342742
13588 2454044
13591 2231479
13598 2295195
13635 2372302
13670 2461305
13679 2255011
13692 2274753
13706 2333832
13725 2466908
13730 2374560
13741 2374716
13758 2448940
13771 1532448
13774 1046489
13782 2433861
13792 2394481
13794 2461130
13813 2461649
13844 1305900
13849 2388501
13858 2057648
13868 2463827
13874 2370873
13875 2460386
13876 2386897
13884 1628935
13895 2466891
13900 2464043
13922 1204037
13940 2421855
13945 2463381
13959 2455521
13970 2359178
13986 1610767
13995 2463957
13999 2274541
14005 2445390
14009 2381395
14013 2316838
14023 2435763
14029 2459295
14052 2070188
14061 1441657
14063 2462583
14072 1992603
14076 2455961
14085 1317031
14101 1500013
14125 2460049
14133 2402297
14146 2441135
14161 2376151
14169 1606340
14175 2433781
14184 2401969
14190 2420583
14205 1973375
14215 2298508
14217 2458315
14222 2356883
14224 2419591
14227 2462753
14238 2362427
14248 2027700
14260 2452931
14272 2437969
14285 2344645
14337 2400347
14341 2464549
14345 1828713
14382 2465831
14397 2407527
14399 1214721
14409 2431841
14434 1285586
14436 2347683
14445 1604410
14446 2419893
14475 1926544
14476 1222873
14482 2277923
14487 1480226
14497 2456433
14498 2452052
14514 1256270
14528 2414935
14538 2436497
14543 1613984
14548 2466495
14552 2392643
14608 2415147
14609 2232104
14611 2378345
14653 2453841
14663 2319865
14673 2407707
14676 1262639
14701 2459619
14712 2024907
14717 2439121
14721 1085420
14725 1670837
14734 2448995
14742 2455307
14757 2438073
14763 2464855
14766 2435893
14773 2435811
14796 2082329
14810 1621871
14869 2056989
14883 2420547
14903 2462479
14963 2419331
14966 2451546
14978 2459663
14982 1827556
14991 2451217
15013 2442059
15023 2464673
15034 1043132
15045 2450917
15053 2451436
15057 2460419
15058 2021008
15083 2449125
15115 1546228
15129 2407006
15142 2436783
15153 2087624
15160 2446121
15169 2442929
15179 1263495
15200 1196855
15204 2409321
15219 2462209
15237 2440855
15258 2404389
15276 2030766
15310 1830053
15314 1223112
15319 2451733
15326 2070560
15342 2449027
15389 2441951
15392 2030874
15404 2446985
15406 2354876
15456 2027895
15466 2414181
15469 1314026
15499 2441089
15532 2467675
15542 1084819
15569 2450445
15571 2094559
15577 2467567
15584 2463941
15590 2026676
15594 1612448
15602 2090231
15605 1579925
15615 2454838
15634 1134939
15651 2431513
15656 1831174
15661 2432547
15682 2440123
15687 1995030
15691 2369467
15700 2392067
15719 2267401
15723 1273894
15727 2384111
15735 2088599
15737 1128146
15743 2436309
15745 2345228
15747 2360292
15748 1835327
15772 2459625
15775 1430239
15781 2358469
15796 2460980
15808 2434363
15834 2438147
15837 2446079
15841 2360301
15850 2094631
15862 2458439
15880 1125242
15891 2409865
15906 2437831
15908 2465377
15909 2450033
15949 2377365
15999 2408133
16005 2465439
16019 1233386
16022 1503523
16031 1986223
16049 2462317
16083 2449313
16089 2429697
16115 2057752
16117 2462111
16119 2433569
16125 2442269
16128 2039536
16130 1629871
16134 1543691
16139 2291089
16142 1842823
16145 2179061
16157 2465465
16160 2391389
16171 2444383
16191 2427911
16218 2092316
16232 2463795
16241 2461789
16265 2281185
16266 2465615
16290 1324052
16299 1887580
16343 2255301
16365 2374277
16366 2080339
16389 1325036
16408 2346979
16430 2041253
16432 1510833
16441 1325098
16451 2093170
16489 1393937
16493 1333108
16497 1863792
16507 2426583
16515 1324334
16527 2046034
16541 1868598
16555 2088081
16557 1262508
16589 1468700
16591 1839582
16598 2388913
16629 2422795
16636 1253202
16637 1253201
16638 1252757
16644 1035526
16650 2426715
16671 1126714
16672 2458897
16698 2365307
16713 2352142
16715 1893832
16725 2351101
16737 1559010
16752 1524668
16772 2427081
16786 2380339
16799 2406317
16800 2298966
16802 2309401
16816 1846267
16820 1336457
16832 2462063
16836 2444731
16843 2429245
16851 2445765
16855 2366593
16868 2462935
16882 2454659
16909 2448799
16910 2462969
16957 1023121
16959 2424027
16967 2053678
16970 2410495
16993 2295058
17002 2453685
17011 1626296
17018 2420871
17036 2467361
17047 2362166
17053 2030492
17061 2298411
17064 1975792
17074 1829836
17089 2032991
17114 2464973
17115 2433320
17124 2466049
17140 1142551
17151 2350017
17157 1496761
17183 2375931
17191 2442251
17207 2392039
17213 2462341
17228 1200685
17233 2463237
17237 1198898
17242 2382272
17247 1693778
17258 1508938
17265 2090325
17267 1271730
17273 1041394
17283 1472768
17305 2431925
17315 1193815
17319 1489725
17321 2433333
17324 2402345
17339 2461511
17363 2294974
17364 2466499
17378 1482355
17391 1948848
17403 2377425
17408 2004618
17446 2455405
17447 2276794
17451 2445779
17455 1620125
17478 2450258
17479 2440406
17485 2410605
17488 2450571
17500 1332819
17528 1305856
17548 1971340
17553 2456910
17573 1091580
17575 2400840
17584 2395595
17585 1981246
17602 2442537
17605 2435067
17655 1630380
17695 1225888
17709 2430847
17716 2422393
17721 2411041
17723 2376339
17733 2375119
17755 1459697
17770 1037865
17782 2464921
17810 2451210
17814 2459839
17832 2359841
17846 1964070
17860 2387987
17866 2233437
17875 2377703
17899 1543666
17909 1128491
17925 2414193
17946 2420551
17973 2367285
17975 1024683
17984 2417853
17998 2042579
18012 2263054
18017 1113976
18021 2419700
18055 2071625
18060 2367293
18095 2340034
18109 2388021
18149 2061602
18156 2428191
18168 2448413
18209 2438823
18234 2270235
18256 2436345
18260 2085700
18275 2465927
18293 1570801
18295 2452649
18307 2181407
18314 2388047
18321 2463611
18331 1840568
18333 1551811
18355 1998566
18410 2387678
18435 2080357
18469 2461875
18479 2442367
18551 2402419
18566 2311154
18576 2328491
18586 2463331
18589 2429261
18610 1561805
18615 1201787
18624 2074619
18631 1248564
18642 2465845
18659 1264564
18668 2452445
18671 2461603
18672 2283681
18673 2088870
18683 2023294
18729 2447367
18733 1826788
18736 1148795
18774 1279027
18781 2457845
18788 2388151
18797 2036949
18819 2346488
18836 2466275
18854 2449985
18868 2295114
18869 2338573
18877 2412697
18882 2439451
18883 1153703
18888 2410873
18946 2358488
18965 2380565
18983 2454327
19021 2013544
19050 2458307
19085 2070142
19117 2051376
19162 2461896
19166 2059947
19194 2428299
19199 1576605
19210 1225348
19242 2432873
19305 2268171
19328 2459751
19351 2461747
19365 2431517
19373 1034821
19390 2407669
19396 2436787
19415 2052934
19423 1331127
19428 1583649
19430 2325285
19431 2417811
19457 2423891
19460 1026628
19468 2080498
19484 2428007
19499 1404776
19510 2429385
19512 2437049
19513 2447159
19528 2454045
19543 2407107
19550 2300005
19554 2456363
19567 2424539
19582 2440715
19634 2460317
19642 2437257
19649 2024031
19662 1612258
19681 2466099
19686 2313992
19689 1176638
19708 2359450
19750 2032745
19769 2071925
19786 1080856
19840 2427531
19866 1027270
19870 2450973
19877 2369073
19879 2421681
19888 1290851
19890 2466803
19902 2440897
19911 1245223
19913 2419947
19941 1034779
19948 2409007
19954 1513603
19967 2071135
19972 1128596
20009 2408059
20012 2346792
20027 1250743
20072 2408375
20095 2460757
20101 1395153
20103 2465823
20107 2461690
20109 2393599
20115 2377375
20120 2408569
20121 2433397
20132 2400253
20138 2467447
20139 2403741
20165 2407281
20179 2394687
20183 2439117
20187 1848497
20204 2461869
20215 2465949
20229 2442499
20233 2282607
20240 2369114
20265 2466091
20266 2389251
20274 1451785
20300 2436175
20326 2358447
20414 2447001
20423 2371671
20442 1990260
20458 2437906
20533 1930196
20553 2406723
20555 2369641
20578 2457407
20595 1962943
20633 2342054
20659 1218187
20660 1326107
20661 2405507
20668 1623947
20695 1029794
20744 1130152
20762 2354729
20779 2347856
20787 2401211
20800 2430253
20856 2328087
20873 2448365
20877 2359382
20898 1140058
20922 2400978
20940 1403688
20998 2447359
21006 1236731
21032 2450873
21075 2386743
21111 2436455
21122 1910742
21134 2083310
21158 2444185
21166 2131411
21173 2458649
21195 2364213
21222 2458001
21230 2441383
21237 2065534
21261 2030446
21265 2021569
21266 2447336
21329 2336708
21330 1137362
21376 2450964
21396 2433843
21404 2467141
21417 2415861
21451 2367520
21527 2331377
21530 1547476
21532 2459527
21586 2452752
21590 1282739
21616 2447261
21696 2092741
21762 1279440
21772 1305710
21783 2389201
21798 1952742
21799 2321602
21815 1990532
21816 2000609
21822 2396521
21832 2089430
21865 2460679
21870 2415607
21902 2440067
21976 1289499
21998 2388697
22020 2446515
22040 1217833
22054 1491560
22060 2443015
22068 1279234
22101 2308070
22139 2464184
22144 2444039
22162 1864782
22185 2462807
22225 1675696
22250 1572638
22253 2464094
22277 1557126
22290 2452073
22316 2461285
22347 1032119
22368 1535463
22385 2450553
22386 2311547
22388 1209917
22392 2404473
22399 1907984
22423 2401757
22432 2068629
22441 2279796
22447 2444173
22449 1260088
22459 2229862
22477 2452086
22503 2073758
22547 1187574
22556 2452193
22565 1699734
22647 2380131
22650 2460745
22659 2369812
22681 2437847
22701 2380871
22703 2449972
22704 2415213
22711 2456397
22719 2464220
22722 2345434
22727 2314680
22770 2062459
22782 2360345
22828 2453940
22872 2360157
22894 2343107
22899 1687637
22911 2452676
22938 2460537
22939 2464711
22949 2363229
22981 1673381
22990 1587565
23011 2381331
23013 2344646
23034 2406593
23038 2271776
23070 1204905
23071 2359048
23092 2460917
23102 1325949
23120 1974007
23141 1838445
23205 2398051
23214 2321593
23223 1500970
23224 2335055
23231 2430797
23245 2434417
23246 2359500
23276 2457453
23280 2417103
23309 2372345
23312 2376385
23339 2464734
23342 2441531
23351 2464193
23381 1262530
23382 2358011
23386 2442003
23403 1545336
23405 2454431
23413 2418291
23455 1899256
23457 2446841
23506 2357908
23563 1201925
23568 2459339
23570 2380377
23579 2058039
23598 1556074
23610 2408041
23628 2443133
23633 2467370
23655 2286026
23680 1555000
23690 2040538
23720 2403885
23740 1326802
23792 1432056
23798 2465785
23813 2285459
23832 2320433
23852 1310457
23879 2384131
23893 2046476
23910 1991982
23917 2386249
23952 2093602
23968 2466115
23997 2444301
24000 2389087
24004 1033736
24012 2351755
24021 2449001
24027 2451571
24057 2452092
24082 1546940
24083 2461407
24094 1898683
24131 2379453
24139 2079208
24141 2069899
24169 2093822
24172 2030992
24175 2385961
24191 1952169
24222 2064447
24225 2393293
24229 1836331
24235 2319759
24237 2030265
24245 2379897
24260 2008755
24278 2387867
24281 1312340
24299 2385977
24308 2322302
24342 2391437
24349 1845638
24357 1283740
24376 2457755
24377 2454017
24391 1970803
24407 2398761
24409 2351514
24418 2387121
24436 2343607
24444 2390063
24471 1626220
24478 2335479
24527 1940383
24544 2454128
24546 2446374
24559 2319254
24575 1972328
24622 2321410
24637 1697004
24650 2361319
24652 1447169
24686 1619167
24731 2455235
24763 1298035
24856 2060823
24877 1907195
24905 2411161
24923 1327276
24929 2402755
24956 2460787
24992 2411199
25003 2417785
25022 1041119
25035 2052366
25064 1060243
25089 2430045
25105 2301761
25113 1197130
25130 2463715
25137 2430149
25145 2084271
25174 2032175
25185 2376243
25190 1319929
25220 2465946
25226 2261214
25246 2062837
25257 2460528
25259 2419032
25267 2459772
25300 1060159
25328 2462263
25354 2327756
25357 2465960
25366 2445691
25368 2448609
25393 1607745
25427 1331367
25460 2340843
25467 1304317
25474 2269476
25485 2047565
25498 2020763
25520 2457093
25526 1863482
25535 2420265
25540 2449665
25560 1931930
25568 2108960
25593 2364031
25616 2284820
25629 2037554
25650 1946939
25677 1629466
25710 2087745
25766 2390871
25777 1434205
25833 2465846
25876 2442115
25884 2053763
25887 2455817
25911 2396985
25917 2360797
25947 2400592
25950 2355401
25960 2351631
25961 2035470
25962 2410383
25996 1967317
25997 2035501
26021 2037242
26039 1046009
26065 2435113
26068 2300330
26078 2380037
26079 1998405
26101 2334676
26109 1623055
26120 2414909
26122 2466547
26160 1920622
26176 2442927
26177 2432921
26184 2050710
26198 2411679
26232 1221854
26244 2394283
26250 2063329
26276 2373867
26299 2041587
26302 1496736
26333 1985607
26343 2448183
26352 2020477
26372 2466719
26373 2062173
26394 2031973
26411 2442781
26414 2268805
26453 2392413
26463 2458691
26468 2464331
26488 1410775
26530 2449457
26534 2390367
26544 2388789
26572 2373666
26574 2080341
26604 2255405
26613 2462893
26614 2417937
26637 2320803
26664 2323697
26684 2012354
26694 2132273
26704 2350136
26705 2456180
26729 1908996
26735 2466617
26740 2449963
26742 2467413
26756 2342543
26760 2304836
26768 2447921
26809 2266757
26823 2463376
26851 2080717
26884 2346000
26893 1411767
26895 2234096
26905 1972535
26919 2399231
26924 2459977
26927 2062111
26948 2078414
26976 2458811
26980 2054467
26988 2343919
26992 2368306
26993 2464415
27004 2439555
27019 2405633
27036 2388069
27057 2377755
27079 2440249
27081 2073592
27087 1137269
27101 2389337
27105 2293049
27123 2462261
27126 2385013
27129 2029456
27140 2082716
27183 2449763
27200 2398699
27211 2266696
27255 2401407
27261 2384677
27264 2073602
27311 2327215
27318 2452785
27372 2034566
27427 1563691
27434 2459817
27446 2336947
27519 1427297
27549 2440925
27571 2467453
27599 2463962
27605 2393331
27630 2459305
27658 2327526
27671 2467228
27708 2428453
27715 2391441
27724 2465091
27737 2310898
27748 2344741
27766 1935566
27783 2391165
27869 2450943
27895 2370340
27896 2452003
27909 2452631
27916 2374985
27920 2269888
27984 2093588
28019 2449415
28029 1040170
28111 2056277
28159 2428609
28163 1489522
28189 2463761
28217 2439879
28218 2451487
28233 2293766
28263 1055901
28290 2451003
28335 1989862
28363 2402169
28365 2434989
28378 2451017
28384 1624714
28396 2347447
28408 2444685
28414 2418225
28418 2036096
28420 1985381
28475 2404715
28497 2461474
28498 1984794
28508 1951854
28520 2467409
28532 2368567
28536 2428033
28537 2405317
28595 2011952
28621 2442763
28623 2037427
28634 2456773
28679 1188796
28689 2429307
28699 1621426
28720 2085283
28724 2326711
28733 2389670
28743 2459969
28750 1835135
28832 2028420
28837 1300896
28876 1041506
28882 2368958
28887 2033293
28904 2368150
28955 2449513
28983 2461304
28987 2336312
29007 2434493
29022 2303654
29026 1839406
29050 1977534
29073 1500554
29081 2402516
29089 2465497
29118 2083510
29124 2083527
29136 1312777
29165 1615475
29178 2412303
29188 2385753
29192 1531460
29217 2382532
29227 2084944
29262 2307264
29314 2343695
29341 1559958
29358 1550792
29361 1295533
29381 2431533
29394 2072341
29466 2427960
29476 2370609
29499 2013749
29500 2372623
29501 2375171
29502 2429165
29547 2370675
29600 1621597
29611 2366131
29626 2337927
29634 1854764
29643 1497562
29647 2331185
29648 2332436
29696 2464547
29755 2465684
29796 2448831
29802 2463137
29869 1980917
29888 1314978
29899 2287045
29932 1934418
29962 2464311
29979 2444541
30001 2007462
30085 1875460
30110 1187108
30178 2358114
30234 2385567
30352 2057158
30382 2443289
30403 2298654
30410 2461933
30414 2350722
30429 1150823
30450 2466131
30481 2466533
30487 1293542
30488 2025419
30509 2419735
30544 2052769
30578 2005178
30759 1963957
30826 2465016
30842 1224259
30874 2356314
30884 1316830
30887 1289494
30956 2425599
31021 2463773
31026 2306430
31047 2450667
31060 2447935
31083 2414068
31089 1995259
31101 2435161
31103 1188895
31120 2370280
31130 2388841
31141 2416155
31150 2454428
31152 2388763
31160 2451707
31181 2236130
31193 2435919
31205 2452197
31215 1438906
31222 1688367
31243 1626680
31260 2327793
31268 2307944
31270 2123668
31273 1080949
31279 2461019
31285 1626599
31302 2386269
31309 1144264
31314 1996848
31315 2260779
31324 2267419
31336 2402387
31373 2448239
31406 1991800
31407 2407553
31425 2397379
31438 1978323
31446 1688332
31481 2452547
31490 2447399
31496 2044863
31499 1519735
31514 2307017
31575 2422481
31576 2306388
31585 2432455
31597 2365741
31631 2410141
31654 1985934
31684 1624874
31741 2450483
31748 2441717
31761 1092643
31807 2047613
31819 2462628
31820 2457867
31834 2361252
31842 1940026
31852 2335861
31861 1627792
31870 2028567
31897 2376545
31917 2434721
31927 2432927
31937 1244431
31946 2023462
31954 2258633
31965 2388909
31971 2362652
31976 2440007
32018 2448843
32082 2430557
32085 2438385
32088 2408823
32105 1257333
32128 2311688
32132 2297853
32182 1849060
32188 1196165
32208 2453125
32211 2037212
32226 1431319
32247 2035516
32273 2384413
32282 1691471
32309 2431867
32354 2003958
32364 2465337
32366 2457895
32389 1485566
32396 2412930
32444 2396559
32461 2462623
32494 2335364
32509 2393191
32536 2459047
32589 2448965
32664 2041571
32666 2384749
32669 2455657
32680 2027972
32691 2395909
32695 2412473
32711 2460439
32728 1459470
32739 2351509
32745 2462058
32770 2409129
32785 1974199
32806 2280666
32834 2466753
32845 2359269
32859 2073122
32895 2357670
32919 1586945
32939 1886685
32947 2292849
32988 2446885
33003 1615771
33015 2465529
33040 1189180
33089 1598963
33103 1619165
33155 2466458
33159 2027045
33196 2420209
33223 2087444
33235 2458341
33245 2416927
33248 1888896
33279 1183602
33288 1048533
33289 2450979
33345 2437578
33444 2416245
33453 2048090
33511 1426472
33534 1592070
33580 2404035
33651 2446454
33696 2416479
33778 2015195
33801 2450982
33809 2455277
33905 2465889
33909 1065349
33943 2464283
33961 2401309
33981 2466914
33994 1597080
33996 2076258
34022 1527043
34046 2087297
34052 1908610
34062 2418679
34087 2025408
34090 2443019
34163 2457404
34182 2441029
34190 1547891
34224 2347789
34230 2436479
34239 2459153
34244 1136679
34275 2463252
34336 2264133
34393 1232658
34433 2041072
34443 1463186
34456 2327343
34499 1269525
34519 2394551
34533 2343805
34624 2027738
34642 1210054
34651 2071726
34666 2018403
34674 2301874
34779 1206291
34827 2446085
34853 2077340
34863 2424521
34874 1294130
34924 2049743
34938 1051053
34996 2374303
35000 2443602
35050 1961240
35065 2338494
35081 1917468
35087 2081343
35119 1889660
35134 2427657
35223 1446042
35278 2263832
35315 1857008
35319 2362826
35336 2441257
35343 2363950
35366 2449319
35413 2400521
35438 1080922
35444 2444822
35462 2284660
35513 2324013
35582 2435497
35598 1270700
35611 2452641
35650 1617590
35659 1333977
35691 2342162
35718 2376681
35723 1323927
35792 2462223
35826 2453566
35893 1335805
35931 1997633
35937 2383099
36004 1435913
36007 2404841
36085 2373779
36151 1503027
36164 1211988
36169 1458893
36227 2029908
36259 2369897
36276 1915944
36336 1333351
36342 1056218
36364 1895944
36392 2446337
36404 1400064
36440 2443706
36471 2352064
36516 2039974
36522 2304160
36557 2042930
36638 2038034
36673 2408254
36683 1053759
36686 1685930
36709 2331196
36718 2460949
36739 2466667
36776 2293678
36816 2336612
36866 2355435
36880 2384562
36893 2391274
36894 1999678
36915 2062006
36947 2420085
37027 1999936
37059 2359684
37060 2448451
37152 1703091
37175 2402996
37203 2447311
37227 2423165
37228 2466975
37241 2290076
37254 2446785
37276 2365591
37298 2339399
37313 2086809
37319 1542540
37332 2381702
37394 2452945
37443 2440736
37453 1619161
37478 2397607
37480 2457824
37516 2341604
37537 2412235
37541 2073170
37547 1628958
37553 1841073
37568 2287429
37580 2436717
37589 2037082
37599 2362263
37614 2354032
37621 1228075
37631 2450439
37634 2318389
37655 1489777
37689 2441059
37714 1055615
37715 2331892
37770 2327245
37824 1210400
37825 2462181
37843 1955638
37884 2301947
37906 1903981
37909 1970581
37910 2447811
37971 1156328
38016 1840628
38031 1869674
38039 2432261
38046 2371810
38048 1261418
38060 2449947
38086 2446351
38113 2432841
38121 2072039
38179 2362297
38205 2309659
38208 2024584
38226 2389545
38227 2430995
38242 1186767
38280 2047748
38355 2050299
38364 2265629
38391 2068233
38448 2405310
38494 2400577
38543 1886609
38563 2448371
38597 2455706
38681 2407151
38701 1578845
38705 2463527
38730 2068129
38768 1305983
38790 2416635
38809 1127660
38820 1979949
38827 1926450
38919 2263289
39024 1407230
39083 1898506
39110 1249021
39183 2331241
39198 1216578
39208 2373869
39229 2406811
39262 2303569
39270 2083147
39278 2038202
39346 2357171
39360 1603985
39381 2054756
39400 1606157
39412 1258634
39421 2257428
39462 1240217
39497 1962890
39502 1941682
39517 1951046
39544 2299346
39550 1993251
39614 2286786
39637 2389901
39641 2361262
39654 2395705
39683 1141039
39749 1208668
39755 2087840
39788 1202263
39821 1624742
39845 2040400
39860 1323214
39955 2460611
39971 1839605
39981 2345012
40034 2451565
40038 1628844
40059 1980003
40066 2451513
40145 2392853
40150 2090523
40154 2315904
40190 1388981
40281 1967980
40364 1934896
40366 2439793
40423 2399743
40472 1248623
40605 2459289
40606 2374190
40612 2384513
40637 2410051
40658 2050172
40672 1956052
40678 1907422
40712 2426729
40725 1274940
40737 1906106
40742 2467465
40779 2088552
40786 2352878
40822 2041324
40895 1062419
40985 1604417
40987 2445935
41005 1990665
41026 2273851
41029 1223136
41033 1448800
41037 2027298
41058 2016819
41059 2286830
41102 2392263
41109 2021865
41110 2462887
41144 2388423
41149 2361241
41174 2418015
41194 1840533
41208 2433441
41214 2027397
41217 1693527
41236 2037915
41239 2431313
41241 2345068
41291 1875890
41304 2464282
41373 2421823
41410 1602445
41418 2343534
41506 2409241
41532 1916606
41548 2467589
41555 2054004
41561 2426547
41588 2428471
41618 2077793
41638 2090835
41649 2429799
41680 2441201
41682 2009021
41714 2458725
41722 1264171
41749 1459685
41751 2421833
41802 2445092
41826 1886168
41853 2380579
41861 1992021
41879 2447094
41948 1965146
41967 1610866
41986 2084520
41994 2459171
42070 2323216
42080 1999019
42090 2317486
42103 2325153
42210 2030181
42242 1538209
42278 1162023
42279 2428809
42288 2457377
42309 2443045
42372 1669088
42378 1941792
42380 2024237
42430 2372947
42546 2020468
42548 1953162
42560 1417531
42618 2399463
42634 2417825
42647 2445262
42707 2017662
42714 1849047
42833 2354215
42863 2384023
42864 1246778
42887 2454969
42998 2043855
43002 2030672
43053 2296046
43079 2416777
43097 1543428
43135 2071714
43160 2043222
43203 2453397
43242 2442637
43251 1504672
43260 2340479
43273 2416843
43309 1505124
43328 2426953
43350 2372548
43372 2423489
43388 2378899
43393 2284975
43475 2412141
43531 2051194
43548 2062241
43581 2293618
43602 1999839
43610 1199948
43613 2453745
43628 2460991
43661 1238332
43667 2075623
43717 2450879
43728 2447630
43762 1689418
43769 2440209
43829 2398397
43879 1065654
43891 1968235
43901 2467027
43907 2463656
43952 2263527
43956 2347197
44100 2009082
44108 2258830
44165 2455588
44197 2465635
44208 1976138
44221 2460411
44249 1703669
44287 1890916
44289 2444764
44303 1249199
44329 1556979
44343 2467144
44352 2389439
44384 2448093
44400 2038955
44425 2336881
44480 2465955
44483 1132899
44484 2444543
44502 1610712
44507 2420554
44528 2045184
44555 2280535
44556 2088555
44607 1557445
44648 2020277
44673 2413633
44713 2446183
44775 2448587
44786 2370566
44822 1239622
44850 2293676
44935 2332241
44946 1978681
44967 2377041
44998 2360319
45022 2057805
45025 2454325
45027 1091848
45031 2379067
45076 2320206
45089 1451810
45116 2467563
45181 2371687
45195 2044536
45213 2400595
45232 2461165
45244 2016134
45246 2346421
45269 2442095
45369 2404981
45390 2440860
45395 2315847
45401 2448077
45412 2434849
45477 2445693
45526 2399465
45546 2466724
45548 2062767
45613 2318772
45633 1414586
45676 1569698
45717 2435043
45755 2449539
45817 2034744
45831 2451181
45898 1508140
45921 2073313
45932 2453543
45957 2399451
45960 2458589
45991 1396342
46017 1158469
46040 2431237
46042 2459515
46056 1135464
46116 2414579
46133 2375467
46159 2047436
46161 2027554
46166 1937586
46183 2268281
46193 1096002
46195 2455345
46197 1231921
46218 2092617
46254 1276959
46257 1096913
46322 2418975
46351 1089145
46369 1516096
46389 2457714
46411 2064081
46415 2449147
46421 1963256
46485 2019819
46534 2318904
46542 2319319
46556 1129907
46589 2459677
46613 2435189
46659 2400503
46673 2465363
46689 2376661
46707 2024097
46713 2434191
46762 2407349
46801 2401751
46820 2429639
46828 1617686
46833 1612992
46840 1592713
46849 2353206
46921 2465843
46952 2399607
46998 1617396
47058 2407833
47093 2400747
47096 2410633
47097 2431821
47149 1617533
47162 2375181
47170 2461145
47220 2464079
47228 1999715
47239 2465407
47249 1966069
47257 2365618
47297 2461067
47298 2449529
47308 2462284
47317 2352063
47327 2414091
47340 2449547
47341 2452409
47361 1994762
47443 1953576
47478 1992413
47490 2455879
47506 2453247
47585 2327988
47613 2088151
47617 1212076
47646 2293654
47663 2394014
47707 2376297
47735 2380119
47761 2315089
47779 1551101
47806 1334431
47814 1548899
47825 2377972
47868 2460033
47887 2463907
47889 2057128
47914 2438151
47928 1091353
47949 2058125
47958 2417991
47975 2432821
47986 2294126
48001 2047098
48011 2035207
48046 2084352
48074 2441823
48107 2403639
48128 2074289
48233 1292352
48255 2439929
48262 1919668
48270 1560891
48287 1435672
48289 2444853
48343 2454181
48366 1628130
48415 2382287
48423 2268965
48427 2453023
48468 2463251
48475 2047107
48484 2443275
48486 2285864
48489 2459079
48505 2008410
48544 1073694
48662 2016866
48687 1074007
48696 2434991
48712 2418737
48713 1121865
48726 2382625
48755 2398459
48788 2464880
48793 2043268
48840 2356980
48849 1237619
48853 2431978
48855 2041186
48893 2446075
48914 2385345
48965 2455393
48995 2329544
49003 2454233
49005 1210136
49009 2426768
49081 2454163
49169 1221591
49173 1963118
49187 2358924
49246 2458901
49255 2424409
49281 2403287
49309 2461085
49319 2424322
49338 2281769
49363 2465826
49379 1939532
49398 2001166
49424 1153281
49637 2462661
49650 2451421
49682 2462451
49721 2342708
49738 1699565
49785 2388040
49819 2397469
49847 2078208
50058 2085204
50081 2017112
50100 2033817
50155 2431172
50312 1480270
50323 2427841
50329 2414218
50362 2328699
50365 1836975
50478 2324423
50479 2408620
50483 2364165
50539 2406428
50587 2400189
50597 2411512
50604 1136716
50635 1098520
50646 2360879
50653 1447016
50795 1331384
50808 2287390
50937 2434587
50941 2036853
50974 1079571
50980 2445573
50996 1116926
51000 2456574
51004 2345360
51017 2257140
51080 1491591
51140 2383247
51151 1949882
51202 2020503
51218 2385196
51286 2434411
51298 2409235
51321 1675017
51333 2020453
51361 1203063
51395 1269127
51407 2438175
51433 2440335
51497 1213823
51521 1123787
51597 2447891
51600 2045819
51667 2008064
51680 2088565
51694 2036741
51751 2423353
51761 1839179
51821 2458563
51825 2319436
51984 2448241
51985 2383927
52007 2094626
52043 1570278
52175 2325499
52176 2454175
52179 2355002
52184 2379637
52194 1467819
52198 1125211
52207 2388696
52212 2443637
52332 1491695
52388 1268112
52454 2384091
52566 1104021
52572 1153818
52608 2424715
52636 1977386
52648 2425835
52741 1838315
52785 2009207
52821 2089529
52825 2372516
52826 2417441
52861 1980686
52873 1262675
53017 1468684
53030 2429201
53041 2407713
53044 1230545
53086 2293025
53087 2064150
53100 1245819
53126 2002664
53133 2381077
53170 2068966
53454 2467380
53519 1114976
53649 2341791
53676 1695160
53715 2401655
53818 2259259
53893 1163320
53946 2092860
54016 2444875
54097 2274662
54102 2405109
54137 2343324
54277 2024073
54296 2440503
54321 2411899
54349 1561076
54653 1086230
54678 1123131
54709 2370122
54738 1966642
54869 2460625
54918 2278799
54962 2430203
55067 1483456
55109 1322260
55130 1955306
55150 1623753
55177 2070318
55196 1991690
55232 2437899
55245 2400627
55297 2333848
55311 2407557
55386 2373795
55396 2387105
55464 2390987
55601 2449501
55617 2404139
55628 2447687
55689 1501671
55782 2446779
55789 2461598
55877 2413117
55882 2463666
55897 2069798
55902 2383312
55945 2312889
55994 1923822
55997 2337893
56080 2352308
56278 2002910
56284 1266542
56286 1423421
56344 1596265
56363 1132673
56370 1144741
56389 1628909
56393 2010787
56432 1196245
56441 2443613
56448 2335401
56490 1617047
56502 2351734
56509 2071460
56547 1301417
56571 2029104
56595 2457734
56597 2401264
56629 1218028
56670 2342196
56714 1538789
56723 1960652
56729 1961738
56746 1539526
56812 2374951
56840 2347015
56842 1092452
56891 2467219
56912 2051883
56939 1142253
56983 1918540
57000 1256762
57006 2465089
57018 1900652
57032 1531430
57065 1089739
57091 2065943
57135 2456807
57154 2346248
57188 2451732
57233 2360239
57235 1548790
57263 1275594
57308 1537003
57331 2341931
57392 2454877
57402 1978345
57428 2371281
57441 2447301
57454 1310485
57477 2401041
57502 2431073
57504 2351544
57579 1104381
57609 1676716
57622 2016763
57651 2378591
57668 2090078
57788 2438035
57867 2010741
57963 1235877
57974 2434109
57979 1248258
58002 2352184
58014 1987905
58072 2331389
58084 2322344
58118 2465403
58143 2465626
58147 2368542
58150 2401945
58179 1116833
58312 2387590
58319 1510787
58371 2080310
58591 2355988
58603 2234730
58628 1534618
58642 1289168
58646 2451105
58722 1848511
58724 2418813
58752 2396111
58769 2042277
58817 1599183
58834 2084657
58845 1162013
58879 2467554
58882 2379869
58891 1091603
58933 1398312
58948 1325097
58959 2445257
58985 1133831
58995 1966366
59014 2291666
59073 1467359
59124 2400081
59135 1563756
59137 2431659
59138 2464606
59216 1697412
59298 2387621
59323 2466733
59340 1102788
59365 2298756
59377 2073857
59411 1272460
59463 1302571
59538 1133866
59549 1275043
59678 2447103
59691 2059892
59692 1327206
59783 1921726
59817 2415979
59822 1564949
59912 1613233
59928 1599622
59953 2268025
59977 2340645
59983 1950986
59985 1613280
59990 1611051
60036 1508500
60045 2426871
60197 2088205
60201 2039116
60204 2410057
60306 1613337
60333 1618800
60366 1295476
60367 2020015
60444 2461870
60456 1622030
60532 1896452
60565 2397741
60569 2368858
60695 1539064
60751 2407787
60762 2313211
60800 1942981
60824 1875320
60838 2440349
61078 2432985
61194 2002620
61211 1307426
61222 2454447
61229 2459235
61238 2441523
61257 1302766
61263 2433355
61330 2053633
61340 2255087
61401 1409879
61415 2439955
61536 2386033
61604 2439859
61608 2444561
61630 2448579
61684 2450746
61698 2451525
61739 1288397
61770 2450545
61805 1960024
61806 2457759
61809 2319032
61838 2444939
61854 2033059
61875 2092872
61880 2402223
61909 1606913
61940 1621737
61943 1593808
61945 1553402
61947 1571189
61951 1568130
61952 1622303
61954 1605805
61959 1615790
61962 2419731
61973 2416769
62076 2005432
62087 2364540
62122 1403877
62184 2010982
62273 1870404
62278 2437301
62347 2082200
62406 2461089
62448 2355598
62482 2463503
62500 2457950
62550 2441349
62573 1325241
62650 2380691
62654 2435896
62673 2427131
62712 2391937
62742 2416665
62776 2000820
62778 2427959
62817 2462702
62924 2400355
62951 2425777
62982 2402201
62995 2094640
63026 2388411
63143 1993265
63159 2089064
63243 2364589
63262 1934946
63321 1099905
63392 2071395
63496 1116973
63525 2405521
63572 2363802
63584 2427611
63585 2356845
63594 2463949
63604 2462796
63611 1670809
63630 1934660
63659 2321912
63835 1692544
63844 2268539
63871 1680230
63908 1928471
63948 1509183
64118 2429357
64128 2006765
64142 1223675
64191 1191766
64239 2076954
64265 2431321
64299 2402713
64314 2392093
64395 2386137
64454 1872102
64498 2447851
64504 1101705
64514 1197606
64526 1958554
64571 2434927
64791 2432517
64857 2390249
64940 1993837
64950 2464557
64962 2462983
64976 2004170
65016 2345345
65048 1247052
65096 1962258
65103 2424291
65145 2387269
65198 2450887
65217 1866478
65232 2460476
65281 2450909
65295 2461928
65299 2008903
65317 2442951
65349 1831272
65380 2375442
65434 1890606
65465 1301171
65501 2035300
65518 2017661
65521 2270457
65544 1262594
65567 2462073
65658 2443299
65669 1282900
65670 1999975
65724 1263197
65771 2365080
65893 2064684
65947 2393381
65977 2270830
65982 1411396
66031 2416223
66084 2411469
66096 2373390
66153 2438631
66176 2406837
66227 1442061
66250 2444533
66275 1629413
66276 1609508
66366 2381807
66444 2004888
66477 1886506
66479 2001589
66522 2027020
66560 2427915
66624 2407389
66648 2032633
66672 1546302
66684 1945487
66694 2282150
66716 1435731
66763 2376759
66807 1409147
66995 2450865
67026 1414982
67213 1273677
67269 2404641
67334 1590513
67438 2088987
67476 2451130
67490 2342581
67503 2430699
67514 1271161
67619 2284303
67676 2405157
67732 2450688
67783 2270974
67803 1217027
67817 2438765
67863 2461103
67873 2402842
67908 1992383
67922 2460599
67940 2041209
67979 2466912
68035 2359693
68143 1115583
68181 2419393
68268 1517808
68277 2445117
68278 2064016
68296 2384909
68374 2070833
68412 2461435
68532 2461628
68543 2274725
68745 2399621
68762 2366550
68781 2465507
68790 2278803
68974 1209517
68977 1325927
69079 2437605
69174 2036023
69229 2435373
69359 2047550
69493 2038508
69519 2051039
69592 2455998
69605 1937150
69648 2055409
69694 2408095
69695 1839570
69767 1559494
69800 2380445
69804 2398791
69917 2390599
70063 2417585
70079 1396160
70116 2383367
70123 1685084
70235 1496827
70237 2417583
70314 2036419
70352 1302831
70519 2392111
70557 2282339
70609 2295288
70613 1212736
70634 2080340
70635 2311275
70692 2403023
70709 2289448
70834 2460374
70884 1853074
70901 2425831
70960 2278820
70998 1993301
71041 2434925
71057 2452717
71131 1937406
71185 1337584
71203 2424151
71212 2422211
71274 2030980
71303 2008859
71319 1575267
71509 2438565
71513 1439462
71545 2448111
71569 2440042
71572 2431531
71734 1848657
71812 2335399
71827 1595826
71865 2458209
71870 2376199
71872 2434465
71910 2453035
71979 2325272
71998 2463226
72053 1833581
72070 2417139
72115 2364009
72128 2365152
72294 2455897
72297 2348114
72402 2416417
72461 2456859
72467 1630362
72521 2457435
72558 2033142
72584 1117411
72595 1575544
72601 2456257
72604 1851598
72640 1592517
72689 2277662
72832 2345357
72967 1671265
72996 1130139
73046 1247401
73066 1530975
73110 1118419
73140 2257942
73142 2352407
73153 2002531
73212 1214337
73434 2451259
73474 2348546
73502 1886134
73573 2379959
73601 2392437
73612 2040545
73642 2424036
73675 2048722
73781 2400181
73801 2416971
73802 2441235
73819 2461261
73821 2381737
73850 1505730
74056 1921078
74058 1389074
74063 1934784
74066 2431203
74182 2459819
74289 1845606
74302 2435081
74377 1962280
74518 2397675
74527 2061778
74553 2046222
74581 2084958
74626 1967750
74787 1552623
74788 2431377
74790 2441373
74861 1121910
74872 1559487
74891 2400469
75022 2436101
75059 2087529
75119 1877948
75229 2366988
75287 2451709
75347 2382493
75418 2086859
75453 2458251
75502 2086116
75553 1509605
75596 2088666
75633 2044057
75634 2234447
75673 2023531
75677 1542254
75683 1386811
75701 2439340
75740 1301530
75759 1451184
75772 2317670
75778 2386053
75929 1132809
75935 2321895
75948 2465742
75967 2002772
76343 1240825
76434 1240759
76621 2081144
76629 2429510
76632 2322560
76687 1958690
76750 1925268
76758 1968501
76800 1576523
76920 2458954
76952 2388257
77012 2368135
77068 2406830
77123 1220136
77154 2007781
77203 2442313
77279 1968200
77326 1126878
77532 2397440
77543 2466128
77569 1155407
77624 2368031
77645 2447545
77669 1846251
77682 2433336
77816 2458340
77899 2414753
77922 2427650
77944 2358618
78126 2448223
78225 2400641
78473 2042190
78536 2403521
78556 1998756
78577 2391967
78580 2347576
78628 2306615
78674 2437287
78691 2428478
78706 2456622
78712 2152931
78730 1322115
78802 2444805
78973 1337308
78988 2024131
79012 1913555
79106 2460349
79114 2432189
79125 2425735
79179 2394639
79181 2459309
79238 2467101
79304 2435481
79398 2446047
79410 1272378
79435 1284383
79480 2067191
79511 2383733
79516 2383755
79546 2322047
79651 1939262
79692 2454185
79745 2011562
79765 1998023
79852 1326404
79871 2441783
79879 1319432
79918 2465197
79931 2419969
79964 1505222
79969 1955660
79980 1878844
79984 2008192
79998 1422730
80017 1619102
80093 2460481
80132 2454973
80195 1424213
80280 1284154
80383 1966822
80394 2400157
80496 2317158
80504 1132803
80515 2463615
80543 1460547
80619 2466122
80629 1680178
80630 1623796
80735 2452856
80766 2070092
80781 2003727
80837 2403647
80941 2467079
80945 1699324
80976 2370341
80991 2043170
81003 2438083
81039 2026439
81057 2413427
81109 2019912
81177 2409489
81318 1258007
81377 2465794
81454 1326031
81487 1154029
81560 1206671
81602 1485162
81603 2040198
81608 2386429
81610 1693109
81614 1593791
81638 1135161
81643 2400295
81699 1262832
82142 2362999
82312 2279582
82336 1998381
82568 2309337
82610 2415718
82666 2368856
82715 1565143
82784 1179190
82826 2362853
82879 2458015
82913 1265205
82994 1623777
82999 2448485
83016 2461365
83088 1309220
83137 2464482
83211 2397551
83236 1914878
83273 2032172
83299 2290096
83373 1138337
83427 1916588
83461 2297445
83612 2465029
83627 2445437
83747 2349012
83897 1171576
83924 2446011
83950 2422389
83973 2396627
83974 2448229
83993 1583734
84008 2377107
84077 1970770
84091 1257374
84106 2446471
84126 2362454
84170 1582491
84228 2439143
84243 2446929
84274 2456746
84321 2439771
84332 2008860
84358 2462247
84373 1304880
84395 2090067
84458 2445995
84492 2351932
84526 2090073
84603 2446881
84729 2073389
84778 2406726
84810 2447379
84879 1279533
84910 2396523
84944 2447823
84966 1415780
84994 1614017
85148 1214356
85227 2408107
85248 1305650
85490 1209846
85575 2381139
85608 2082051
85626 2371435
85634 2459545
85729 2084690
85742 2011672
85746 2292030
85792 1143004
86029 1160854
86040 1143530
86158 2071507
86238 2040620
86307 2058094
86383 2459355
86389 2392613
86480 2465867
86488 2441601
86489 1962582
86491 2467371
86508 1680140
86613 2460771
86678 1588252
86689 2080416
86702 1628214
86729 2452001
86759 1867894
86778 1159937
86816 2019075
86923 2075464
86927 1858398
87029 2428629
87111 2425128
87189 2421179
87236 1266685
87244 2422336
87253 1582151
87330 2355065
87345 1582242
87364 1582269
87415 2428029
87425 2162728
87440 2314176
87464 1921550
87497 2442551
87532 2322465
87544 1185735
87661 2078591
87872 2080380
87947 1323058
88001 2383687
88197 2455087
88411 1669121
88519 2369425
88537 2259450
88572 1999324
88611 1267750
88898 1149510
88963 1599488
89025 1515729
89039 2378887
89239 2439657
89479 2458561
89514 2046474
89516 2264356
89565 2457763
89576 1151325
89582 2060473
89667 1151113
89894 2346386
89920 1394288
89957 2366518
90022 2092452
90035 2412083
90139 2356218
90159 1992252
90191 2162105
90386 2460467
90422 2323894
90502 2457148
90613 1153274
90617 2444873
90646 2376277
90726 1273391
90762 1914376
90796 2465673
90828 1273090
90836 2335889
90892 2376793
90984 2442217
90992 1218675
91376 2061091
91405 2001994
91462 2086984
91600 1260760
91630 2376937
91730 2427177
91732 2431843
91752 2366761
91772 2448541
91893 2456133
92050 2416029
92160 1915428
92164 2439267
92230 2466449
92246 2055537
92310 1211026
92400 2397721
92405 2457855
92493 1503908
92519 2436781
92630 2236333
92643 2397723
92724 2043423
92727 2397177
92781 2455957
92863 2343275
92923 1225914
93028 2066991
93063 1600675
93159 2408769
93211 2304653
93218 1564171
93551 1442002
93557 1300142
93599 1587652
93635 2466145
93666 2074786
93678 1230948
93750 1877004
93876 2277643
93909 2424517
93938 2071026
93964 1674858
94119 2433857
94155 1265581
94164 1614289
94378 2349108
94398 2000234
94415 1160841
94439 2086003
94471 2442265
94514 1235584
94542 2467603
94654 1621626
94688 2446837
94785 2447275
94792 1886411
94841 1947548
94859 1184077
94912 2338633
94950 2003741
95027 2463205
95140 2348988
95393 2362141
95602 2002852
95663 1538996
95764 1576847
95807 2043514
95918 2428803
95957 2025616
96005 2393407
96111 2444951
96128 2077136
96204 2434277
96231 2325604
96281 2460916
96316 1186711
96342 1210543
96381 1975644
96515 1608515
96555 2446095
96570 2303057
96578 1931398
96705 2027370
96802 2093358
96948 2035039
97010 2039377
97031 2417419
97235 2454015
97242 2455180
97296 2460711
97403 2094174
97498 1691418
97547 1935730
97548 2442987
97561 2397785
97570 1968266
97587 2457717
97770 1494421
97771 1167969
97963 1582755
97996 1449626
98052 2400197
98242 2314722
98303 2451799
98310 2007952
98555 2405167
98631 2464215
98733 2309420
98740 2309367
98897 2375653
99073 2049960
99170 2349405
99173 1969936
99186 1916946
99393 2444819
99492 1319146
99669 2354790
99685 2083330
99819 2322909
99990 2049490
100052 2043169
100137 1227648
100228 2044786
100258 1955354
100307 1338515
100368 1839312
100455 1877036
100465 1491153
100496 1325490
100574 1474023
100625 1945661
100673 2344074
100765 1261778
100769 1571867
100839 1256948
100942 2053866
101026 1218138
101066 2413969
101118 2344988
101136 1996915
101419 1870724
101428 2408198
101535 1994827
101667 2005717
101726 1459881
101985 1270127
102062 2426643
102101 1630687
102411 2380652
102414 2313802
102461 1176962
102548 1826730
102549 2402261
102574 1862270
102752 2085068
102898 2448633
102913 2455236
103005 1277805
103097 2438990
103098 2452729
103107 1187981
103140 2453887
103210 2372010
103240 2452091
103297 2463665
103422 2090338
103663 2419227
103696 2420367
103713 2421547
103728 1179532
103810 2069818
104036 1929390
104094 2392294
104172 2463423
104239 2005304
104284 2455337
104306 2359454
104397 1291325
104509 2040226
104512 2426149
104701 2400371
104880 2460843
104926 1250647
104985 1558888
105064 1592558
105100 2403723
105104 2382993
105112 2369844
105171 2015669
105311 2007213
105593 2350301
105598 2445215
105610 2459485
105650 2264157
105708 2461267
105850 1187371
105937 1184156
105996 2093386
106051 2367397
106069 1320406
106129 2414653
106287 2085669
106573 2415233
106821 1317529
106832 1451348
106925 2437065
106978 2324383
107059 2466587
107137 2448887
107212 2453513
107593 2443103
107818 2459255
107826 2435069
107840 2382505
107905 2393875
107912 2282095
108048 2046013
108111 2412256
108179 1191037
108223 1338522
108237 2465787
108262 2463543
108409 2415420
108423 2276421
108425 2276448
108439 2378054
108443 2385287
108457 1601827
108567 2033206
108651 2053528
108714 1853822
108863 2060688
108882 2451359
108898 1453082
109030 2161632
109077 2384701
109256 1505805
109399 2406467
109461 1869806
109477 2449137
109604 2052223
109624 1613587
109658 1976280
109700 2455799
109853 2370782
110055 2404991
110362 2364173
110440 2385087
110544 2380739
110596 2433335
110639 2425491
110670 1194140
110757 2435775
110794 2382429
110824 1207672
110880 1276006
110890 2449902
110990 1557701
111023 2074362
111074 2381971
111156 2441817
111159 2425827
111507 2048889
111580 2331449
111661 1240225
111708 1243452
111796 2379643
111841 2429195
111846 2428003
112085 1338241
112226 1608417
112409 2429613
112842 2059450
112849 2415349
112947 2066840
113075 1679843
113372 1922294
113373 2345891
113825 2055696
114134 2305793
114330 1833196
114646 2428913
114667 2446902
114738 2062118
114786 2341442
114797 2399895
114886 2429661
114920 1263180
114954 2264861
114995 2466613
115165 2418221
115213 2094136
115395 2456105
115400 2451865
115560 1313375
115774 2362833
115794 1884965
115937 2385011
116001 1968620
116117 2355997
116270 1207241
116324 2379345
116373 2463811
116486 1835358
116522 1223776
116614 2383767
116931 2352694
116949 2391347
116991 2279993
117092 2016211
117250 2463991
117514 1987668
117529 1590858
117597 1703370
117818 2399757
117916 2023543
117946 2292611
118007 2331198
118050 2436955
118312 2467648
118356 2459568
118598 2452918
118629 2047127
118699 2457965
118798 2441069
118850 1315581
118896 2464059
119104 2392063
119139 1580628
119392 2463295
119461 1911264
119516 2015961
119522 2418060
119785 1505343
119815 2348124
119910 2421579
120234 2456070
120320 1307441
120386 2369948
120432 2158060
120694 2295707
120843 1575876
121012 2457840
121058 2444433
121302 2405177
121374 2385777
121561 2460045
121565 1682616
121579 2414737
121830 2091784
121946 1218112
121971 1617277
122004 1332119
122179 2466202
122183 1248106
122198 2421891
122245 2466409
122302 1850818
122451 2371754
122845 2434305
122981 1287612
123139 1570639
123288 1617282
123406 2391995
123423 2441263
123445 1961988
123525 1335884
123762 2467196
123766 2440994
123995 1283414
124142 2061556
124344 1223438
124360 1224986
124491 2371786
124591 1242347
124658 2429183
124803 1991794
124808 2031524
124852 2458628
124897 1546515
124918 2075455
124968 2438080
125033 2435689
125073 2373276
125260 2443222
125496 1235111
125542 2038552
125716 1836812
125800 1280422
126173 1504106
126600 2429757
126647 1228465
126695 2427777
127001 2463180
127083 1545730
127121 2451370
127234 2274794
127255 2411708
127360 1881194
127652 1294100
127669 2439217
127707 2447445
127766 2430731
127890 1513493
127950 2343238
127976 2338647
128099 2441947
128147 1504991
128196 2461437
128331 2396799
128450 1831444
128612 2310134
128651 2466284
128664 1831054
128715 2462476
128901 1233278
128963 2085964
129298 2459007
129348 2332322
129358 1965728
129391 2092954
129706 2275942
129739 2447887
129795 2381687
129859 2434603
129905 2002107
130144 2047515
130273 2456755
130292 1303631
130297 2385881
130527 2419235
130653 1610540
130825 2463644
130837 1247823
131061 2418517
131633 2358877
131657 2460456
131703 2323211
131770 1311647
131867 1311781
131943 1311808
132134 2430827
132385 2351550
132402 1611412
132461 1603941
132607 1587401
132628 2466418
132664 2464612
132697 2465860
132801 2392625
132831 1619953
132957 1252697
132974 2294641
133044 2422567
133075 1242551
133127 2456950
133147 2408917
133192 1498768
133195 1244387
133207 1870574
133223 1591361
133224 1482653
133226 2445121
133248 2409221
133258 1252260
133271 2435869
133284 1591571
133303 2422919
133340 1624383
133343 2410083
133350 2465213
133352 2456195
133354 2410417
133357 2409767
133359 2410489
133363 1476088
133364 2435837
133365 2409485
133366 2460653
133378 2455983
133380 2435863
133383 2435865
133397 2389137
133414 2453275
133417 1901306
133431 2421661
133435 2433571
133440 2457891
133446 2456407
133469 2436013
133481 2409817
133491 2430779
133534 2415559
133588 2460577
133619 2456601
133633 2458415
133658 2418369
133682 2466053
133812 2435415
133832 2456501
133842 2010965
133952 1564258
133981 2345868
134025 2448539
134163 2346516
134171 2433509
134264 2441715
134281 1387006
134529 2005480
134579 2421999
134671 2397602
134715 1511341
134812 2460129
134880 2409631
134888 1387201
134956 2466211
135002 2456995
135069 2454238
135151 2409551
135191 1859154
135457 2431535
135463 2373565
135761 2467207
135776 2015520
135791 2309327
135879 2416057
135891 2434959
136051 2458293
136087 2456516
136092 2343393
136126 2343120
136162 2259925
136337 2405095
136367 2428923
136369 1870196
136375 1254222
136409 2346454
136935 1505832
137073 2460261
137099 2456267
137557 2451085
138052 1254574
138064 1254630
138117 1254553
138146 2409935
138179 2425840
138598 1300048
138646 1465164
138672 1305216
138788 1577063
138824 1297338
138852 2465510
138910 2465540
138912 1283036
138913 2456117
138934 2435849
138938 2375615
139012 2460889
139015 1326337
139044 2452992
139069 2463683
139088 1285765
139109 1623564
139162 1518624
139295 2029842
139331 1298236
139336 2452466
139368 2399593
139374 2462429
139566 1269949
139580 2086323
139617 2461056
139625 1494823
139660 2461097
139764 2446035
139770 2464033
139831 2406599
139890 1471717
139961 2423585
139970 1392845
139975 1626290
140092 1532735
140109 2444453
140273 2421581
140306 1282629
140321 1274167
140428 1973083
140799 1335487
140812 2389955
140860 2411637
140979 2434369
141059 1307438
141226 2399155
141263 2410690
141299 2461982
141306 2077737
141512 2440584
141560 2445527
141623 1303837
141634 2399223
141895 1903502
142013 1578660
142142 1296682
142149 2425586
142417 2444213
142547 2382652
142552 2399347
142560 2407779
142581 2431909
142613 2433773
142618 1278838
142670 2428655
142963 1272215
143156 2392699
143435 2443853
143527 2272542
143582 1884418
143901 2428966
144152 1268577
144650 1629270
144695 1826183
144776 1621039
144812 2416486
144821 2395597
144826 2423617
144832 1702368
144969 2369106
145066 2466571
145147 2458297
145152 1977526
145229 2435821
145396 2318934
145695 2427509
145745 2429100
145788 1290973
145840 1311375
146050 2462200
146203 2424932
146307 2394532
146507 2466627
146552 2463392
146713 1549784
146810 2461237
146818 1299734
146834 2460622
146955 2466045
146976 2441571
146988 2463139
147100 1303306
147122 2413861
147144 2362747
147285 2467398
147296 1275197
147391 2054361
147442 1317449
147480 1307904
147506 1308589
147621 1577495
147814 2422461
147817 2398339
148034 2454682
148104 1300489
148463 2390026
148530 1962316
148663 1884402
148758 2445377
148832 2452345
149076 1324653
149229 2313105
149549 2421251
149770 2322794
149800 2465435
149969 2332591
150122 2435827
150510 2435819
150629 2442937
150657 2427819
150705 2427987
150864 1940718
150957 2429095
151073 1931574
151267 2360119
151300 1604162
151338 1604364
151358 1554187
151379 1604498
151415 1604436
151468 1556185
151482 2381321
151560 1598322
151709 1508719
151819 2337894
152142 2461781
152149 2413225
152195 2435573
152257 2439193
152307 2439893
152320 1965972
152768 2363522
152782 2371166
153050 2406351
153129 1693900
153237 2445178
153328 2448053
153341 2461082
153379 1316280
153444 2433637
153538 1938770
153724 2442969
153793 2465469
153838 2445717
153841 1298466
153945 2046640
153960 2467611
154112 2358264
154201 2460774
154336 2462442
154416 2399525
154470 2465991
154476 2073709
154917 2088633
155038 2442136
155095 2459717
155242 2426067
155247 1331324
155369 2093173
155549 1298892
155685 2365583
155709 2092308
155755 2460995
155774 2407499
155934 1446255
155937 2354374
155975 2428603
156176 2457606
156265 2334589
156351 1553501
156570 2431021
156711 2078083
157071 2350903
157419 2013774
157801 2443101
157853 2444901
158198 2088172
158311 1315139
158356 2391087
158357 2425199
158360 2402581
158584 2464582
158854 2455459
158858 1337175
158876 2451417
158882 2466751
158958 2465446
158987 2442167
158995 2406487
159006 1623701
159043 2465371
159064 2423457
159089 2466163
159159 2262292
159411 2455078
159417 2451302
159427 2463883
159558 2455688
159621 2379945
159808 2072358
159982 2458247
160044 2459109
160194 1619051
160308 2441121
160377 1618472
160396 1396254
160416 2329924
160516 1309188
160598 2417958
160743 2443859
160774 2445533
160805 2392669
160849 2450875
160877 2457295
161044 2460205
161103 2445739
161197 2459903
161315 2383631
161324 2430081
161356 2465841
161360 2465905
161379 2465963
161387 2465995
161434 1598819
161458 2466197
161512 2460211
161538 2466529
161745 2427543
161779 2398878
161889 2467323
161890 2026147
161908 2385539
162000 2381637
162030 1591530
162172 2451940
162227 2439919
162417 1614497
162505 2413211
162659 2384777
163018 1520892
163177 2445445
163185 2436836
163214 2346463
163354 2383565
163579 2449383
163685 2386017
163791 2454329
164104 2445888
164108 2445064
164111 2442837
164209 2459602
164249 2391353
164316 2463752
164397 2401457
164569 2429574
164699 2448879
164839 2447239
165019 2445345
165027 2327672
165046 2424619
165148 2445900
165578 2439874
165611 2009361
165789 2377740
165874 2433371
165883 2453422
165884 2434663
165887 2467390
165964 2421991
166013 2403805
166042 2416426
166096 2445627
166280 2345395
166399 1429640
166754 1321443
166801 1321536
167101 1506178
167420 1322925
167472 2467540
167477 2465558
167779 2386835
167822 2428751
167870 2445549
167947 2462543
168092 2404985
168198 2458445
168448 1602720
168619 2451834
169516 1403626
169771 2467341
170347 1552854
170615 2059021
170717 2423664
170808 2463057
171203 2407221
171219 2407995
171248 2454446
171306 2415356
171368 2379253
171424 1537406
171469 1975663
171471 2371493
171578 2424111
171619 2382756
171646 1335320
171704 2466333
171942 1333308
172247 2021242
172536 1545794
173006 2429902
173052 1922038
173092 2436493
173309 2437271
173426 2432371
173652 1613454
173994 2447520
174095 2377653
174288 2301167
174358 2465319
174389 2460037
174420 2467623
174574 2400909
174685 2382379
174691 2454670
174796 2375659
174821 2447932
174824 2375757
174841 2432165
174895 2465938
174897 2376879
174911 2376435
175053 2455724
175065 2407496
175200 2377531
175253 2378083
175298 2467270
175359 2378287
175388 2451273
175391 2465294
175400 2378721
175438 2405090
175455 2427427
175506 2460681
175518 2457918
175689 2379835
175715 1447487
175777 2455796
175918 2435887
175948 2448704
175951 2436946
175986 2464062
176015 2381389
176088 2382255
176134 2442344
176265 2414744
176336 2382935
176357 2385731
176377 2455200
176411 2383255
176481 2435862
176499 2416402
176601 2466520
176635 2408378
176640 2449674
176751 1693152
176765 2386325
176806 2386335
176884 1421301
176900 2385465
176911 2425062
176924 2463933
176970 2385641
176977 2385675
177043 2385969
177106 2427828
177145 2386359
177153 2460518
177183 2460126
177224 2386737
177270 2458541
177325 2462632
177365 2382622
177428 2460390
177617 2449993
177618 2431938
177671 2453328
177700 2445454
177802 2464733
177854 2453570
177857 2431828
177871 2446706
177875 2412205
177891 2407108
177901 2390175
177912 2390223
177938 2404750
177943 2395878
178055 2430643
178072 1433077
178163 2465776
178167 1870660
178181 2464799
178203 2463222
178286 2402365
178309 2460606
178386 2397133
178387 2465828
178477 2414291
178533 2458624
178554 2439114
178576 2448152
178582 1960399
178587 2386358
178589 2399305
178630 1445368
178849 2456286
179030 2436814
179140 2440026
179141 2395401
179142 2396689
179224 2462250
179259 2454780
179295 2443530
179414 2458110
179459 2396737
179485 2449259
179619 2429469
179661 1504828
179719 2430300
179722 2423769
179726 1428225
179738 2457218
179826 2447320
180045 2463710
180071 2455781
180172 2456873
180198 2434027
180312 2401521
180377 2400847
180425 2401183
180434 2431264
180456 2417485
180534 2401605
180572 2463458
180598 2401979
180619 2447183
180641 2402057
180653 2402271
180754 2402585
180815 2402789
180827 2444815
180848 2429457
180897 2403409
180914 2407115
180969 2403501
181070 1673429
181113 2404199
181115 2453976
181283 2466721
181323 2320309
181391 2446694
181414 2406025
181437 2452103
181523 2465696
181547 2406119
181651 2435381
181745 2463746
181839 2448654
181904 2408097
181941 1427261
181991 2467377
182259 2408969
182270 2428612
182272 2409063
182279 2409139
182286 2430124
182379 2461034
182425 2449799
182429 2409811
182434 1627024
182467 2447050
182490 2410071
182496 2410125
182522 2440043
182528 2438689
182692 2448798
182761 2411245
182774 2411331
182793 2411555
182879 2463409
182906 1529177
182995 2412279
183017 2433578
183035 2452414
183076 2412749
183257 2068824
183395 2463340
183407 2413989
183457 2407950
183615 2414795
184222 2386234
184310 2431413
184392 2418445
184424 2444512
184425 2447169
184452 2453186
184477 2447369
184482 2418759
184500 2442926
184502 2419255
184544 2440679
184853 2441893
184863 2466562
184867 2420507
184919 2420611
184971 2444081
185231 2431711
185468 2460691
185474 2423307
185548 2431387
185730 2457599
185734 2453215
185737 2424565
185831 1554365
185895 2458418
185966 2454708
185990 2426465
185994 2426037
186054 2426511
186089 2426479
186132 2436059
186170 2426823
186173 2427385
186182 2465391
186224 2427711
186319 1503819
186345 2465669
186383 2348432
186384 2358705
186449 2435042
186514 2373377
186517 2428565
186526 2467012
186532 2428601
186612 2373337
186645 2444723
186707 2460756
186757 2429621
186766 2436768
186850 2431757
186868 2328231
186887 2430143
186935 2435999
187234 2431949
187276 2445555
187349 2432207
187400 1582507
187511 2466726
187525 2388712
187578 2433249
187584 2433239
187626 2433431
187643 2436313
187736 2436029
187740 2460919
187891 1848104
187940 2434825
188109 2435625
188113 2456351
188161 2436067
188189 2436321
188234 2437601
188328 2451245
188379 2437615
188443 2456947
188673 2438383
188687 2458542
188701 2450374
188706 2439563
188734 2462326
188770 2466355
188843 2439017
188903 2461457
188975 2381214
188995 2439701
189022 2456095
189024 2440033
189031 2440802
189089 2440157
189103 2440737
189230 2440831
189254 2386260
189382 2457758
189459 2460880
189467 2444400
189490 2443024
189492 2443785
189497 2444113
189505 2442295
189564 2325760
189632 2442961
189653 2371288
189838 2443883
189915 2444241
189951 2466461
190139 2463442
190165 2450433
190289 2449299
190294 2433752
190304 2450499
190488 2454379
190747 2462104
190838 2430342
190845 2449725
190893 2464132
190933 2449163
191093 2424816
191106 2454113
191221 2450736
191232 2435948
191241 2452769
191260 2422490
191263 1465355
191282 2450925
191288 2450953
191295 2462562
191317 2463067
191337 2451279
191346 2451301
191373 2455031
191407 2459889
191410 2467551
191411 2453183
191466 2454939
191478 2452279
191487 2455671
191495 1568263
191528 1435125
191555 1595016
191570 1933016
191618 2457155
191624 2453807
191769 2460081
191826 2463959
191838 2452831
191846 2467153
191871 2460247
191877 2460613
191936 2456585
191973 1422460
192016 2461965
192048 2457851
192050 1410293
192054 2455615
192082 1611526
192096 2453655
192183 1441544
192236 2454149
192251 2455043
192258 1439903
192308 2454483
192358 2466381
192369 2454995
192395 2457897
192419 1536702
192448 2369525
192469 2464717
192475 2464827
192482 2466483
192547 1964380
192595 2455297
192675 2462665
192691 2458647
192692 2465517
192698 2462215
192757 2464597
192763 2466251
192766 1501117
192807 2465111
192811 2089536
192844 2456141
192867 2464999
192878 2456537
192934 2465551
192978 1996568
193030 2456837
193041 2467161
193050 2457119
193130 2457227
193153 1518823
193175 2457347
193229 2092163
193275 2457817
193318 2462497
193417 2462591
193471 2458529
193472 2462579
193481 2458503
193529 2463781
193565 2465321
193706 2461153
193721 1682548
193774 2459725
193916 1458541
193953 1529505
193970 2460977
194016 2461615
194033 2333741
194095 1618338
194179 2055364
194217 2465081
194467 1408833
194477 2462027
194510 2462133
194661 2467025
194702 1852510
194757 2462987
194788 1853582
194793 2466645
194922 1496625
194951 2464635
194993 2464057
195048 2464133
195108 2464307
195138 1410026
195144 2464509
195172 2464535
195256 2464831
195282 2020240
195340 1559081
195352 2465349
195355 2089682
195410 2320546
195483 2466591
195502 2465759
195530 1615389
195550 2465969
195615 2467357
195641 2466353
195752 2466785
195858 2467135
196151 1874640
196166 1859352
196484 1620450
196497 1563440
196506 1572645
196528 1917362
196559 1998113
196606 1626835
196622 1979987
196803 1516940
196820 1388410
196891 1572747
196923 1599738
196999 2025564
197007 2035918
197040 1388037
197104 1958130
197246 1388407
197325 1448741
197348 2070638
197352 2009160
197395 1606728
197427 1459786
197432 1630256
197648 1478469
197751 2321145
197853 1995613
197936 1521682
197951 1420810
197989 1523950
198049 1615854
198076 1535027
198145 1390094
198316 1391330
198358 1391411
198406 1391475
198514 1391513
198548 1391533
198574 1391544
198608 1391601
198618 1591461
198637 1391630
198703 1391670
198765 1391051
199085 1391761
199134 1598709
199396 2089512
199555 1542856
199594 1968960
199748 1628096
199825 2079928
200335 2069148
200433 1999169
200528 1907658
200540 2090954
200544 1569028
200570 1620584
200595 1519066
200690 1588521
200742 2092778
200772 1460113
200777 1614230
200884 1579130
200923 2087965
200939 2087175
200986 2070572
201110 1574029
201657 1589095
202028 1589277
202127 1529490
202202 2045166
202227 1397015
202395 1495185
202466 2038367
202519 1509897
202559 1494891
202572 2014645
202577 1442269
202589 1509889
202599 1464426
202609 2092839
202806 1495607
203080 1910608
203395 2094603
203526 1625993
203609 1577373
203624 1399390
203782 2069934
203783 2007014
203833 1595330
203942 1571050
203951 2020339
203998 1497624
204254 1625894
204299 1602639
204329 1933396
204595 1458324
204601 1983134
204693 1847163
204739 1578035
204843 1902400
204909 1978757
205038 1541482
205159 2019502
205176 2087232
205239 1518109
205254 1518346
205272 1518370
205369 2090300
206419 1525634
206553 2065786
206554 2040801
206793 1599963
207003 1607832
207078 1477171
207089 1673704
207266 1608375
207696 2038330
207770 2041847
207848 1578842
207868 2081983
208091 1591431
208387 1421967
208411 1494297
208483 2042075
208929 1624130
208978 2031350
208999 2069325
209243 1541374
209389 1927932
209527 2041735
209591 1549444
209672 1898282
210275 1594509
210427 1860866
210453 2046742
210631 1571835
210712 2073282
210801 2042228
210861 2013184
210899 2080198
210981 2343378
211752 2003605
211819 1414148
211905 1624918
212425 1994045
212430 2024424
212570 1928290
212658 2018194
213499 2023257
213551 1588932
213996 2051546
214463 1614225
214584 1419306
214780 2018660
214877 1628916
214922 2005022
214960 2059751
215367 1626121
215449 1963432
215902 1515947
216200 2041643
216734 1522903
216978 1423827
217352 1427442
217366 2040852
217499 2072151
217697 1425019
217784 1584344
217789 1425197
218760 1535084
218905 1913478
219055 2010319
219174 1829104
219190 1508084
219625 2373900
219769 1987793
219833 1515865
219835 1508471
220726 1434632
220897 1531079
222271 2089107
222424 2010558
222545 1470579
222988 2037403
223033 1525230
223587 2007415
223669 1630014
223782 1999503
223790 2074517
224291 1573573
224328 2015978
224439 1550129
224849 2286037
224898 1859326
224909 1624995
224933 1624854
224997 1953476
225040 1970144
225207 1981175
225489 1606483
226028 1576308
226159 1440622
226202 2007756
226336 1684134
226643 1585291
226820 1699840
226917 1603003
226981 1574105
227009 1591397
227038 1574288
227384 1442907
227442 1589438
227599 2000570
227711 1626045
227756 2055536
227885 1624576
228597 1444978
228648 2296397
228680 1914598
229001 1608218
229488 1550170
229510 1621550
229558 1529767
229591 1495184
229699 1668533
230015 2061915
230279 1623856
230303 2076463
230507 2066404
230527 1511147
230745 2000297
230886 1618913
231174 1977469
231751 1621831
231951 1519370
232364 1943164
232770 1539337
232956 2034791
233532 1683215
233669 1528349
233817 1585757
233831 1923916
234031 1924368
235696 2008336
236475 1921202
236624 1608109
236972 1461068
236992 1670730
237299 1868600
237503 1543002
237515 1985431
237670 1493912
237914 2261165
237931 1924308
238454 1546751
239639 1998813
239722 1579679
239943 1497393
239982 1622156
240395 1495540
240543 1941908
240889 2319880
241011 1933898
241088 1889398
242260 1604664
242585 1626959
242593 2091669
242624 2060963
242771 1472626
242781 1496988
242804 1521230
242875 1497175
243616 2049108
244012 2032475
244680 1964050
245115 1952572
245610 2314075
245858 1966556
246138 1624940
247947 1562030
248374 1504138
248481 1625605
248490 1603022
249015 1894626
249027 1992310
249094 1558305
249210 1542807
249576 1522478
249762 1626689
249935 1576599
249986 1680364
250027 1614859
250984 1988442
251041 2046822
251519 1587780
251547 2029106
252007 1931950
252728 2075470
253077 1939516
253133 2083261
253618 1969226
253783 1495496
253828 1519738
253876 1520678
254433 1629653
254484 1574942
254661 1626804
255074 1623404
255076 1623412
255284 1520153
255423 1981196
255614 1593369
256618 2002411
256929 1630578
257348 2009537
257489 1602457
257591 1620029
257900 1542131
258075 1567496
258118 2058139
258177 2069554
258218 1997996
258759 1541416
260194 2370815
260600 2075135
261044 1510698
261169 1581688
261641 2083058
262934 1608888
263995 2013606
264616 1605457
266167 2068341
266229 1630130
267007 1579008
267372 1627982
267573 1605848
267912 1624934
268167 1934700
268260 1559562
268346 1595864
269539 1620014
269666 1606165
270330 1614846
271339 1968114
271510 2073639
271665 1548717
272408 1922066
272967 1702570
273033 1619004
273770 1623780
273981 1621707
274221 1621730
275206 1586849
275732 1627499
275833 2010014
275872 1629308
275882 2059013
276442 1616322
277017 1953110
277492 1629150
279017 2059157
279152 1621267
279901 1552262
280224 1607692
280321 2017264
280519 2040164
280822 1942204
280859 1598575
281009 1621449
281483 1995890
281521 1903278
282448 1999938
282501 1559118
282577 1628816
282606 1558514
282685 1680300
283031 1614860
283358 1560442
284563 1626938
284769 1860788
286211 1603455
286645 1624810
286912 2035950
287181 1584106
287264 1615187
287268 1629762
287280 1623468
287305 1568850
287440 1624558
287519 1574724
287536 1569326
287542 2075047
287551 1624038
287653 1615195
287795 1628630
287814 1614965
287838 1602313
287868 1625683
288038 1628330
288080 1582511
288503 1883530
288651 1625378
288667 1626509
289115 1624906
289439 1622261
289564 1594723
289985 1605137
289986 1616599
290101 1607383
290184 1597197
290274 1597670
290320 1575110
290666 1967616
290696 1595266
291004 1628314
291727 2062606
292388 1616575
292600 1616364
292752 1613374
292800 1616236
293183 1867726
293214 1616494
293244 1585996
293439 1616578
293585 2065915
293633 1603766
294327 1594833
295282 1893912
295499 1588239
297278 1590903
297936 1592653
298335 1629112
299310 1597085
299319 1620715
299538 1626893
300913 2369360
303758 1622063
304209 2006607
304492 2094437
305163 1630570
306234 2366077
306344 1620462
306668 1620858
307521 2266539
308938 1630127
309073 1623842
309705 1620880
309842 2074129
310153 2010459
312308 1900228
313719 1629751
314215 2460454
314223 2151545
314244 2448930
314277 1911395
314320 1658672
314328 2426752
314330 2428856
314347 2418742
314351 2126520
314360 2439178
314362 1659472
314376 1909357
314387 2453018
314418 2424268
314419 1658732
314421 2445808
314432 2160656
314462 2412480
314500 2422870
314544 2421540
314565 2465610
314572 1659350
314588 2456980
314594 2461892
314599 2423792
314616 1658820
314647 2433964
314659 2456398
314660 1658284
314684 2182830
314694 2463248
314765 1657838
314774 2462804
314778 2441012
314921 1658676
314925 1659374
314941 1659624
315035 2169535
315068 2453224
315133 1654548
315138 2161683
315165 2458940
315200 2457908
315220 2453714
315233 2396296
315236 2229906
315311 2410768
315326 2461328
315436 1659450
315440 2453968
315499 2456162
315620 2445690
315718 1901161
315755 2165892
315759 2445544
315781 2456076
315782 2375612
316003 2404162
316014 2151655
316048 2426710
316067 1946063
316215 2181076
316309 2180469
316478 2448544
316484 2441068
316513 2137712
316566 1928113
316605 1646598
316645 2154779
316694 2126238
316832 2435636
316835 2427292
316930 2434850
317402 2467692
317642 2457854
317674 2165180
317804 1643886
319048 1657520
319152 2456454
320171 2166431
320379 2395276
320432 2171360
321689 1971337
323614 2061015
323647 2074753
323649 2074535
323650 2081081
323673 2091195
323720 1924018
323724 2090429
323754 2050199
323762 2077764
323763 2093366
323798 2074545
323814 2035214
323815 1966458
323856 2074540
323923 2091007
323934 2005894
323961 2007200
323964 2007940
323965 2008267
324047 2090195
324105 2024722
324145 1851684
324153 2060356
324182 2039272
324256 2047587
324257 1691483
324262 1961044
324274 2061206
324293 2093107
324294 2089369
324325 2093260
324389 2092734
324410 2085771
324480 1882392
324482 1926110
324483 2084474
324497 2010830
324541 1835019
324561 1940392
324635 2084546
324667 2039447
324691 2023731
324723 2093144
324741 2069425
324796 2062071
324834 1862444
324906 2075999
324971 2075278
324981 1926476
324997 2008879
325017 2092573
325032 1950926
325047 1941922
325067 2019509
325071 2019363
325079 2057958
325127 2013801
325138 2060329
325159 2077109
325171 1941940
325195 2067201
325242 2086739
325286 1923524
325297 1953850
325327 1897928
325341 1863164
325343 1701849
325358 2020122
325378 2048194
325397 2017015
325426 2057445
325491 1909186
325515 2063539
325522 2041991
325547 1999963
325572 2019263
325589 1948588
325634 2042032
325650 1954992
325683 2032685
325752 1932666
325774 1985489
325799 2027305
325802 1993813
325914 1910168
325952 2042024
325969 2080037
326004 2009716
326028 1927200
326034 1912708
326114 1672444
326133 1905216
326137 2022463
326167 1852914
326174 2033615
326247 2048186
326255 1699162
326276 2093640
326322 1872076
326344 2011802
326396 1881124
326405 2080248
326523 1962752
326527 1931640
326596 2080282
326605 2020965
326655 2002951
326704 2060280
326764 1939338
326791 2004393
326892 2083779
326924 2077611
326976 1929050
327023 2004336
327039 2054605
327069 1983991
327322 2093156
327352 1996901
327693 2073487
327735 1883504
327816 1924002
327837 1933080
327840 1927446
327846 2080837
328015 2088744
328088 2082957
328124 2036877
328269 2093238
328327 2045076
328382 1958350
328442 1978604
328487 1988658
328505 2064999
328681 2063815
328750 2000473
328797 1973650
328888 2089618
328894 1869084
328917 2001782
328924 1941876
328937 1947540
328974 2025323
329006 1994739
329040 2083762
329052 2051582
329073 2076847
329081 2002018
329111 2036947
329122 2086086
329195 2062745
329209 2000734
329212 1989394
329213 2033842
329396 2017403
329433 2086190
329506 2066600
329669 2025731
329734 2068602
329747 1941512
329878 2082112
329891 2093171
329937 1692732
329983 2086211
329989 2044695
330061 2068886
330151 1958694
330157 2076948
330177 2083593
330213 2067493
330281 2035366
330372 2092820
330392 1848216
330490 1697546
330575 2069589
330822 2023361
330959 1984521
330989 2067879
331027 2084945
331143 2052930
331203 1912876
331309 1840462
331440 1930864
331484 2093132
331516 2080088
331550 1684423
331556 2089051
331608 2065904
331637 2094658
331730 2066914
331731 2003153
331735 1848296
331790 1919232
331852 1960746
331862 1902944
331882 2008870
332086 2088894
332154 2035197
332328 1992717
332456 1962528
332545 1968840
332749 2012421
333016 2006741
333029 2092929
333049 1925190
333117 2093820
333191 1989742
333460 1959330
333525 2062117
333545 1962602
333574 1910208
333668 2075417
333964 1912932
334207 2049292
334271 2007587
334329 2074240
334395 1993313
334538 2067427
334610 2038188
334612 1933920
334691 1920782
334696 2031453
334737 1954540
334775 1904240
334788 2015922
334800 1993623
334933 2084233
335018 1965508
335037 1979683
335284 1688814
335317 2055062
335326 1930490
335408 2091895
335500 1689342
335510 2047163
335554 2051444
335738 2093934
335766 2054978
335778 1969094
335780 2010226
335971 2086264
336163 2063061
336184 1979341
336299 2003275
336353 2042834
336421 1690855
336446 1990473
336448 2089311
336561 2087335
336626 2032819
336656 1942406
336740 1862926
336830 1983892
336883 1996798
337273 2032669
337410 2065703
337796 2032868
337837 2033596
337839 1989668
337882 2052979
338079 1968124
338213 2062595
338315 2077697
338503 1697891
338535 1981853
338691 1878916
338714 1934406
338784 1964288
338889 1985991
338941 2062486
338966 2082348
338980 1870736
339161 2015282
339260 2064254
339397 1829830
339526 2063437
339596 2036774
339726 1859934
339771 2060305
339772 1976749
339799 2080780
339813 1940646
339816 2001540
339930 2012822
340021 2086773
340052 1996907
340060 2094230
340074 1931576
340076 1964562
340455 2231213
340507 1944574
340542 2045573
340683 2093837
340701 2073809
340716 2005666
340986 1869942
341066 2028465
341124 2018283
341158 2001336
341219 1909864
341274 2017917
341447 2047416
341469 1927258
341475 2035956
341549 1904628
341590 1995872
341690 2055721
341842 1849550
341895 1995883
342033 2060782
342096 2031539
342177 2073545
342179 1885492
342310 2019897
342391 1974375
342422 2037890
342557 1932706
342613 2026170
342661 1863398
342753 1987327
342892 1973836
342899 1851600
342933 1885308
342962 1931916
342967 1849356
343061 2010933
343114 1853782
343147 1898720
343246 1850766
343290 1850762
343375 2056223
343418 1926500
343426 1968660
343484 2008365
343518 1865466
343670 2021908
343700 2027579
343719 1932850
343784 1976845
344037 1884594
344239 1849056
344352 2080246
344362 1904270
344372 2010940
344387 1856574
344399 1831435
344409 1855432
344433 2069907
344459 2061153
344641 1952434
344728 2047990
344775 1861690
344816 1978470
344899 1927750
344907 2023927
344934 2362303
345054 2067092
345108 2274759
345362 1975327
345379 1995612
345463 1859380
345476 1978651
345507 2066283
345521 2077832
345576 1859752
345716 1992418
345721 2078001
345800 1860908
345890 1926836
345918 1860956
345986 1861188
346012 2051607
346066 1861610
346081 2008712
346213 2008114
346302 1828057
346311 2089656
346363 2063517
346401 1999971
346514 1957078
346626 1992752
346664 1864196
346668 1952328
346670 1864318
346801 2078607
346977 1864604
347012 2063554
347026 1865954
347030 1864848
347036 1999748
347045 2057680
347165 1937224
347259 2008158
347278 1880220
347329 1932630
347353 1985546
347375 2061113
347385 1966978
347422 1866530
347522 1979408
347525 1866704
347545 2092713
347616 1904278
347708 1867284
347767 1867512
347791 1867584
347810 1867712
347818 1867722
347869 1867968
347907 1868084
347909 1868148
347958 1868304
347963 1868330
347969 1868358
347972 1868408
347983 1868434
348029 1869624
348034 1869576
348066 1868838
348095 1868948
348138 1869042
348156 1869094
348322 2012055
348325 1869762
348456 2015648
348527 1870490
348570 2090159
348792 1871454
348834 1871622
348844 1871702
348965 2092115
349080 1903562
349153 1934186
349273 1947254
349292 1985313
349298 1873522
349300 2053169
349308 1873564
349333 2078636
349385 2076444
349390 2040241
349449 1898098
349526 2090382
349567 2045736
349581 2050528
349646 1874724
349676 2060797
349696 2010053
349698 1957248
349752 2006731
349839 1932768
349845 2008733
349864 1997942
349937 1923828
349948 1941526
349971 1939560
350101 2086742
350120 1912590
350142 2028644
350213 1902114
350216 2090288
350273 1901990
350300 1913596
350420 1892288
350441 1990474
350467 1975910
350498 1878252
350505 1878966
350569 2031729
350695 2087726
350702 2024916
350739 2059446
350795 1827186
350830 2059338
350872 2023886
350947 1964978
351042 2010939
351072 1923960
351125 1949132
351180 1883046
351201 1915898
351212 1908496
351228 2017998
351346 2029373
351359 2017611
351362 1992988
351425 1939606
351550 1885176
351656 1990080
351671 2091868
351689 1906812
351703 1883008
351715 1965070
351728 2015969
351729 1956348
351730 2016875
351778 1883300
351793 1883362
351809 1883424
351825 1883486
351828 1883516
351829 2013180
351830 1976039
351844 1883584
351862 1883858
351956 1901508
351957 1884118
351990 1952616
352104 1905768
352191 2080655
352235 2080796
352289 1966400
352397 1959516
352515 2011827
352558 1903458
352636 1896756
352686 2021808
352695 1887116
352702 1981908
352769 1959452
352996 2077101
353011 2088764
353020 2374039
353034 2040249
353064 1948398
353116 2000210
353216 2023816
353260 1949822
353444 1890052
353535 1891582
353611 1891292
353617 1906524
353666 2093177
353705 1970480
353829 1949744
353864 2068744
353893 1974252
353904 1999693
353925 2360748
354008 2032216
354009 1982929
354110 1892718
354111 2088551
354147 1969896
354176 1970138
354320 2033256
354356 1973705
354509 1894386
354525 1894492
354576 1894700
354608 1894802
354643 2074501
354931 2093065
355016 1902178
355023 1902202
355040 1896508
355041 1902232
355063 1902270
355073 2036168
355107 1948132
355109 1999327
355121 2036255
355136 1971724
355189 1897166
355193 2089146
355205 1948746
355228 1971749
355261 1949020
355277 2229990
355300 1900578
355330 2031097
355579 1898746
355617 1842317
355697 1899446
355712 1901924
355773 1971920
355789 1899498
355883 1900050
355904 1904390
356053 1842812
356229 1901348
356394 1991136
356427 2033378
356626 1904326
356734 1930314
356896 1904092
356954 2078875
357077 2007314
357176 2019609
357191 2076892
357293 1998595
357460 1906516
357570 1971873
357596 1924518
357599 2049782
357653 2047834
357728 1953060
357749 1997297
357761 1907248
357799 1934240
357868 1907724
357920 1909338
357980 1949002
358067 1908512
358126 1908724
358399 1969484
358433 1909934
358443 1944070
358445 1938154
358557 1985755
358604 1947618
358627 1912358
358701 2028415
358809 1965876
358828 1912554
358979 2088143
359050 2028662
359182 2050672
359319 1913688
359344 2022950
359485 1914526
359504 2031834
359565 2012343
359817 1915604
359819 1915588
359847 2001688
359857 2050422
359878 1942552
359890 1915908
359896 1992783
359919 1917348
359948 1952508
360031 1930548
360170 2013482
360279 1917494
360345 1954456
360477 1969324
360478 1968920
360479 1968456
360480 1968740
360520 1918300
360745 1969238
360972 1940874
361032 1932746
361180 2046681
361604 1922458
361690 1922740
361710 1925084
361749 1923072
361777 2043519
361841 1923584
361933 1939772
362004 2083285
362040 1924134
362046 1842751
362051 2036043
362172 2058318
362371 2032923
362429 1925686
362776 1927062
362995 1927900
363037 1928084
363070 1933272
363199 1928916
363200 1960000
363231 1928950
363284 1933126
363318 1945424
363409 2084044
363510 1998546
363627 2079217
363640 2086015
363696 2018944
363742 2078775
363890 2042811
363897 2030978
364083 1962242
364152 2080334
364285 2079211
364460 1934006
364485 2001046
364682 1935738
364756 1936660
364889 1935754
365043 1952692
365048 2061466
365222 2054705
365275 1937470
365335 2016502
365356 1937812
365401 2093062
365405 1938024
365428 1938132
365480 1938426
365571 2067909
365592 2010030
365607 1939410
365800 2034468
366170 2093331
366628 2000608
366646 2085878
366667 2074571
366895 2031813
366947 2000890
367142 1967712
367183 1945902
367536 1947406
367544 1980878
367603 1969030
367680 1953534
367747 1948338
367845 1951908
367908 2056684
368327 2045275
368550 1967386
368579 1966012
368639 2080022
368706 1970656
368758 2068213
368813 2090094
368885 1953416
369099 1995037
369117 1954596
369195 1957382
369295 1957910
369479 2074247
369663 1997289
369702 2082789
369894 1957360
369903 2035235
370075 1958296
370228 2066924
370392 1959560
370723 1960892
370755 1961242
370837 1961432
370946 1962502
371154 1962758
371390 2029586
371450 1964970
371500 1964184
371506 1830292
371546 1964340
371567 2017291
371800 1965356
372137 2032243
372348 2078434
372395 1967842
372449 1973532
372498 1968264
372518 2046869
372565 1968464
372600 1968686
372616 2094172
372619 1968806
372647 2032939
372679 1843527
372708 2006768
372710 2033086
372716 1969266
372754 1969412
373046 1970968
373069 1970838
373773 2075141
373870 2089800
374273 2061199
374382 1828450
374755 2061141
374774 1829481
375161 2082385
375264 2087643
378083 2089896
378577 2089701
378579 2089763
378580 2089810
378582 2089836
378584 2089858
378694 2059521
378701 2089920
379443 1838185
380576 2026486
380892 1977230
381429 1842131
381494 2042272
381849 2087670
382049 2076274
382737 2006083
382759 2083791
383344 2086245
383361 2086088
383370 2085957
383376 2085742
383511 2060945
383716 2073905
383743 2094321
384151 2029969
384767 1969507
384774 1966221
384786 1969099
384799 1964497
384805 1967759
384806 2374508
384834 1904089
384835 1907539
384837 2465676
384841 1969071
384843 2426876
384844 1966389
384868 2463422
384891 1965703
384917 1966977
384939 1967717
384964 2398338
384966 1970987
384968 1969413
384987 2461950
384988 1970893
385008 1964561
385013 1896161
385026 1916277
385039 2274750
385052 1879835
385057 1968557
385068 1969363
385072 2464560
385083 1967971
385099 2441828
385170 2462540
385173 1963295
385175 1961543
385183 1969059
385187 1939173
385199 2374869
385233 2463098
385243 2445216
385249 1941779
385278 1958177
385280 1965937
385309 2443088
385313 1937945
385345 1967609
385356 2458810
385364 1965163
385367 1903837
385402 1963805
385418 1860265
385430 1968739
385440 1966393
385446 2453596
385449 1946953
385472 1966577
385494 1877859
385507 1961373
385517 1957743
385518 1923085
385520 1926399
385546 1962291
385554 1966517
385589 1901695
385600 2463878
385613 1957173
385614 2425200
385616 1966883
385635 2446828
385641 1970123
385658 1963149
385674 1960597
385677 1967747
385706 1964543
385746 1967705
385793 1963261
385806 1970325
385823 1967303
385825 1970245
385858 1970305
385885 1961257
385901 1961613
385906 1967545
385923 1958701
386003 2104214
386064 2153350
386073 2453624
386090 1935911
386092 1960071
386105 2171412
386106 1971153
386164 1969915
386171 1949147
386201 2460852
386234 1943039
386241 1956047
386265 1957709
386291 2467220
386324 2467366
386371 1953039
386427 1957485
386453 1968873
386586 1967945
386594 1870901
386609 1858663
386655 2374757
386779 1902009
386791 2127206
386831 2461740
386878 1953813
386895 2457072
386919 2463462
387060 1893013
387170 1964439
387222 1936741
387365 1915411
387368 1965779
387391 1957233
387412 2461820
387413 2410762
387441 2462840
387472 2429400
387596 2180554
387762 2463358
387918 1954963
387927 2360507
387999 2467552
388132 1893829
388144 1969697
388243 2454270
388324 2465468
388395 1969937
388514 2455026
388532 2171500
388594 1965987
388669 2346378
388977 1965673
388991 1913991
389184 2467112
389436 2467102
389760 2270142
389974 2374768
390031 1946007
390041 2136090
390600 2161356
390833 2395242
391182 2344047
391209 1964833
392027 2461262
392753 1949651
392871 2362841
393598 2465688
395017 2460200
397359 2157373
403876 2370756
412768 2092974
412786 2092270
413198 2032957
415046 2042485
416073 2023618
416245 2061545
416474 2054851
417968 2026188
418560 2082345
418718 2026567
421591 1990783
422023 2323235
423562 2078108
424060 2039045
426477 2002240
426577 2080217
428922 2024794
430381 2037302
430634 2069360
431007 2074572
432140 2088662
432596 2090694
434009 2091223
435609 2019992
436331 2093501
437475 2068626
438909 2066343
439680 2071128
441429 2046612
442372 2089003
442527 2055613
445938 2068796
447994 2045008
452110 2069128
454846 2088788
455162 2090064
455183 2090032
456532 2075270
456951 2093754
459380 2082603
462077 2072881
462893 2094276
463399 2092563
463464 2094210
464873 2094479
465666 2079603
465891 2080041
466644 2081659
473586 2126532
473591 2460028
473820 2126590
474209 2126393
474220 2126792
474359 2373898
474548 2162666
474847 2411604
474876 2101271
475035 2449710
476371 2183268
476752 2179619
476776 2448126
477266 2123299
477931 2173591
477999 2157735
478340 2181555
478359 2125515
478403 2121444
479394 2448260
480993 2460102
481482 2108892
481519 2233978
483124 2126816
484714 2182143
484727 2161642
484745 2161664
484882 2154228
485729 2156608
486759 2183294
486773 2160310
488376 2449142
488508 2182973
491246 2183194
491406 2123222
491785 2424210
491787 2368027
494245 2166665
494603 2132653
494655 2182597
494780 2182903
494857 2177677
494916 2183209
494948 2128490
494950 2149301
495003 2182752
495006 2183275
495111 2176062
495238 2182321
495248 2132467
495287 2179369
495345 2182658
495376 2182440
495382 2183134
495543 2423362
495632 2128676
495650 2182791
495837 2158916
495843 2181844
495845 2182870
495871 2181289
496032 2183238
496541 2130373
496568 2139572
496732 2326147
497039 2130905
497167 2183308
497490 2181071
497565 2182389
498191 2156109
498192 2182964
498216 2183014
498273 2443744
499374 2161367
499474 2166757
499500 2171553
499845 2157741
500082 2171588
500228 2171503
503555 2146339
505739 2167680
506937 2170806
507714 2165136
508336 2163369
508720 2171671
511221 2154178
511486 2166350
513594 2374826
515142 2162401
516329 2167903
519630 2168915
521299 2357374
521369 2350870
521605 2369796
522594 2321970
523086 2370808
524087 2365306
524413 2374129
524913 2289496
524933 2346838
525681 2257551
525900 2365154
526315 2371399
526684 2364567
527662 2344657
527732 2365025
528997 2346762
529386 2264744
530021 2364245
533218 2368797
534314 2360543
534749 2345412
535107 2344961
535373 2277149
535665 2374239
536901 2371901
537091 2372224
537432 2346410
537512 2354842
537588 2363570
538338 2319830
539405 2343938
541527 2367831
543876 2370963
544173 2336084
545011 2373593
545627 2359842
545688 2350379
546474 2371084
546710 2323946
547687 2369364
547925 2367403
548283 2371073
548386 2355119
548622 2353579
548929 2357986
549199 2337189
549647 2344920
549782 2371681
549809 2321894
550056 2356956
551616 2317181
552829 2364581
552871 2362712
552932 2340239
553084 2443152
555708 2370064
555762 2371679
556054 2367401
556064 2362376
556196 2371508
556272 2353809
556991 2328316
557697 2358112
558440 2360213
560339 2331137
560621 2369077
562521 2373505
563184 2368225
563232 2354957
566311 2368996
566832 2354987
567035 2353820
567325 2362278
570165 2373580
571295 2372986
572955 2359767
576015 2366422
576352 2367117
576360 2367272
576378 2367247
576571 2367654
578317 2373265
579588 2461526
579589 2411394
579596 2461688
579598 2443732
579605 2457090
579606 2467670
579607 2466806
579616 2464954
579640 2418468
579701 2401998
579721 2464986
579802 2408496
579849 2464684
579865 2429190
580100 2463244
580303 2453236
